227 128
101.762494 64.387555 22.251211 -2.920322
 32 34 15 1 0 2 13 37 18 12 5 17 56 68 29 28 9 3 0 2
 16 20 78 55 0 0 0 0 0 0 23 18 121 104 28 11 8 0 2 89
 53 69 66 121 91 21 8 21 121 121 29 29 12 6 48 80 35 5 0 0
 0 0 17 22 40 0 0 12 18 24 70 121 19 7 6 63 95 80 121 50
 121 59 39 83 30 14 63 69 17 9 7 3 0 0 0 0 0 0 0 0
 0 21 39 11 0 0 0 60 16 23 49 15 0 0 5 121 47 3 11 2
 0 0 1 3 0 0 0 0
161.425019 125.151110 20.569424 -2.448282
 0 0 0 0 0 0 0 0 0 0 0 0 0 3 12 6 0 0 0 0
 0 0 4 2 0 0 0 0 0 0 0 0 31 43 5 0 0 0 2 15
 114 57 10 4 5 14 45 80 7 2 3 20 88 48 41 24 0 0 0 1
 12 6 2 0 38 16 1 4 0 6 114 114 114 46 89 100 13 2 20 114
 64 49 113 109 83 22 36 25 23 2 0 1 13 49 114 25 0 0 2 11
 19 67 77 30 2 3 30 104 68 87 56 19 114 52 43 28 12 21 40 114
 75 5 0 0 0 6 45 68
31.686050 48.774826 14.343863 -0.382839
 0 0 0 0 0 0 0 0 2 0 0 0 0 0 0 2 3 7 6 1
 4 2 0 2 1 13 41 44 4 0 0 0 25 1 0 0 0 0 0 4
 142 14 2 6 4 3 3 121 42 11 33 67 110 20 8 47 23 16 104 50
 13 3 3 9 42 4 0 0 0 0 0 2 142 59 10 41 26 3 1 50
 40 29 114 142 122 7 1 9 82 90 82 14 7 2 2 11 4 0 0 0
 0 0 0 2 82 1 0 4 75 43 21 94 10 7 13 30 142 102 54 20
 110 55 11 2 4 8 38 72
162.886303 81.359786 12.111570 0.259925
 0 0 0 81 119 45 14 0 0 1 1 62 97 119 53 8 76 13 1 3
 2 16 57 119 73 12 9 17 4 5 14 70 0 0 66 55 43 39 23 1
 15 1 31 57 109 119 42 15 119 2 0 3 12 27 65 119 14 3 3 10
 24 90 61 32 6 18 119 85 0 0 0 0 41 24 87 61 18 0 0 5
 119 89 14 7 3 2 3 15 22 24 32 73 43 27 12 5 6 7 14 5
 0 0 0 0 16 7 2 0 0 0 0 7 31 70 20 1 0 0 0 1
 1 23 50 38 4 0 0 0
79.938018 23.206789 10.618149 2.873049
 15 75 128 29 6 0 0 1 142 70 90 31 2 0 0 0 93 16 6 2
 0 0 0 0 0 0 0 0 0 0 0 0 34 9 49 32 13 13 3 3
 142 45 24 14 4 0 0 10 73 25 28 113 38 0 0 0 0 0 0 3
 1 0 0 0 19 0 0 0 8 58 104 38 142 5 1 13 41 7 36 142
 23 3 1 102 142 4 1 7 0 0 0 6 16 0 0 0 39 11 13 0
 0 11 53 47 34 3 3 33 75 16 35 114 0 0 0 47 142 21 2 2
 0 0 0 1 21 2 0 0
148.728484 42.549652 10.365460 -1.778905
 13 94 84 40 3 0 0 2 16 66 127 54 0 0 3 11 0 1 49 92
 2 9 28 9 0 6 11 15 4 6 3 0 45 41 20 17 3 3 17 6
 128 43 18 2 0 0 26 127 13 4 3 3 39 99 103 73 0 0 10 19
 65 107 6 0 24 3 0 0 0 23 128 26 128 45 4 0 0 4 128 87
 32 39 15 4 22 60 49 35 0 0 0 1 25 128 21 2 24 60 12 0
 0 2 90 19 7 2 0 0 0 5 128 21 2 1 0 0 0 3 54 17
 0 0 0 0 5 20 4 1
29.530632 160.571231 8.733559 2.018361
 21 96 25 13 52 42 16 3 6 5 1 8 93 68 29 12 63 0 0 5
 17 8 9 137 15 1 0 0 6 32 24 81 67 137 33 5 6 1 1 0
 64 65 7 47 137 13 2 4 137 12 1 7 17 2 2 77 50 1 0 0
 0 2 10 51 137 135 1 0 1 0 0 0 137 61 1 9 68 48 21 11
 137 39 0 0 8 16 18 19 28 8 0 0 0 0 0 1 69 41 0 0
 0 0 0 0 123 44 0 0 4 15 17 7 9 7 0 1 10 16 15 3
 0 0 0 0 0 0 0 0
90.264032 143.404638 8.725872 2.607797
 29 101 72 14 2 0 0 0 6 28 96 77 12 0 5 9 1 8 66 66
 49 36 50 15 0 0 0 41 71 112 27 0 15 39 137 40 0 0 0 0
 137 67 88 11 2 1 11 59 45 4 4 54 64 38 70 53 0 0 2 65
 75 89 47 18 50 4 13 12 0 0 0 1 137 85 7 4 1 0 0 12
 64 42 11 58 89 35 4 7 0 1 13 39 51 26 22 17 31 3 0 0
 0 0 0 5 137 49 1 2 0 0 0 44 75 21 8 81 23 7 0 13
 5 0 2 33 27 6 27 46
37.586139 87.712017 8.405498 2.644728
 0 0 1 48 63 92 38 13 2 0 3 1 8 46 118 39 87 2 1 1
 0 12 112 118 58 3 0 0 96 45 10 100 1 3 18 42 41 21 29 25
 15 15 107 30 2 8 69 43 118 38 29 7 1 7 34 100 48 14 7 77
 100 36 7 53 2 0 5 39 35 10 46 45 7 2 15 10 6 9 118 77
 118 47 8 5 9 5 35 47 24 29 16 99 69 0 0 0 19 0 1 4
 0 0 42 118 0 0 0 1 22 25 81 43 11 6 1 5 24 8 5 1
 3 1 0 1 1 0 0 0
37.586139 87.712017 8.405498 1.278017
 23 119 95 2 0 4 37 5 29 119 35 4 3 35 80 22 0 5 33 22
 22 119 46 1 0 0 2 1 2 17 10 0 119 97 28 0 2 0 1 57
 58 119 119 23 37 3 2 21 32 62 119 31 9 7 5 4 1 1 24 5
 1 8 10 1 119 20 1 2 6 12 29 76 68 25 11 24 114 10 2 13
 119 35 7 3 10 6 11 24 47 5 1 0 0 8 37 25 23 6 0 0
 13 84 53 37 23 7 0 3 20 53 38 22 106 56 1 0 4 25 10 6
 80 82 1 0 0 0 0 7
169.423464 111.706806 8.384186 0.350534
 8 0 1 16 133 60 16 10 115 0 0 0 4 10 64 133 28 8 1 0
 34 100 83 64 1 23 27 22 23 66 44 3 37 2 17 67 72 0 0 5
 133 8 0 0 4 5 2 69 58 2 0 1 35 83 45 29 0 0 0 32
 70 63 79 7 35 4 7 9 2 5 7 12 133 119 7 0 0 1 1 10
 45 61 77 72 6 15 14 5 0 0 18 133 63 5 9 1 5 1 0 0
 0 4 3 4 47 93 18 0 0 1 0 0 7 49 112 59 0 0 0 2
 2 0 20 51 9 2 1 3
39.588440 182.699450 7.670678 2.284586
 74 70 0 0 0 0 0 0 155 155 4 1 0 0 0 0 57 59 7 69
 79 9 3 0 44 2 1 25 45 5 5 69 49 20 0 0 0 0 0 2
 155 64 0 2 3 0 0 31 136 18 3 75 102 15 2 19 155 2 1 16
 15 2 1 107 29 1 0 0 0 0 0 1 155 29 0 0 1 1 1 21
 125 7 0 2 36 73 34 34 115 14 0 0 5 17 13 43 0 0 0 0
 0 0 0 0 48 1 0 0 0 0 0 10 35 3 2 5 11 11 6 14
 1 1 0 1 7 5 1 0
45.618014 119.841209 7.629356 1.404560
 116 6 1 2 4 1 9 95 49 29 32 41 82 3 3 25 88 71 58 9
 9 2 5 21 12 6 23 3 1 17 22 8 81 14 1 4 18 63 47 36
 50 12 3 25 84 24 5 16 116 11 0 0 9 5 4 40 97 4 0 0
 0 9 34 38 8 3 0 1 22 116 69 24 11 1 0 0 14 116 65 31
 116 73 2 1 12 45 9 8 116 116 0 0 0 0 0 11 2 55 116 21
 15 35 13 5 0 35 97 8 25 56 17 7 11 54 12 4 65 85 2 0
 48 116 5 0 1 6 2 2
109.019541 95.728676 7.560222 0.355539
 1 6 7 107 13 0 0 0 52 120 10 4 0 0 0 2 40 112 42 1
 2 7 18 32 17 20 14 0 2 10 31 30 0 0 0 11 4 34 37 1
 113 14 0 0 0 1 36 38 120 40 0 0 0 4 56 94 21 21 5 2
 0 7 96 80 4 0 0 0 30 92 81 32 32 0 0 0 0 8 120 120
 85 63 5 0 8 57 100 67 12 75 70 40 8 11 9 9 49 0 0 7
 53 10 6 28 120 0 0 0 7 13 25 115 6 1 0 0 43 103 43 14
 0 4 8 11 25 70 56 3
109.019541 95.728676 7.560222 -0.884181
 6 4 13 61 11 3 16 28 108 40 20 21 2 0 0 35 55 30 32 49
 39 9 0 14 6 0 4 29 86 56 40 25 4 23 116 115 3 0 1 1
 57 121 121 10 0 0 0 13 70 65 121 48 1 0 15 42 28 1 4 20
 3 2 62 82 0 2 42 14 10 13 0 1 86 45 48 0 0 0 0 18
 121 107 15 0 0 0 9 46 33 78 25 0 0 2 64 37 0 0 0 0
 27 82 4 18 33 0 0 0 0 2 28 121 74 78 12 0 0 6 30 36
 4 121 78 0 0 2 2 0
50.660503 30.142098 6.292513 -0.351620
 48 14 0 0 0 0 0 14 140 56 0 0 0 0 3 105 56 17 5 16
 7 5 4 64 0 0 1 47 88 12 2 1 42 20 0 0 0 0 0 0
 140 70 0 1 0 0 0 14 90 23 17 111 7 0 0 2 1 10 36 140
 23 0 0 0 50 1 0 0 0 0 0 3 140 3 0 2 3 1 0 33
 56 3 2 84 117 12 0 5 0 5 24 109 99 1 0 0 34 0 0 0
 0 0 0 9 140 0 0 0 2 3 1 67 26 0 0 1 140 34 1 12
 0 0 0 4 140 5 0 0
58.437273 80.511924 6.130463 1.159019
 2 50 131 16 0 0 0 0 26 131 57 0 0 0 0 2 8 131 95 5
 0 1 1 2 0 9 83 52 9 13 3 0 39 19 39 0 0 0 0 14
 131 83 10 0 3 6 7 86 23 51 113 21 68 30 10 22 28 72 120 17
 11 1 0 1 51 0 0 0 0 0 3 55 131 70 1 3 7 3 5 38
 38 30 4 13 131 30 3 6 88 25 2 1 34 11 2 16 25 0 0 0
 2 19 46 131 70 49 1 0 12 65 42 22 35 43 4 6 55 23 2 2
 38 16 0 0 19 25 5 4
196.044498 15.186134 6.059463 2.224407
 3 0 0 0 0 0 0 0 94 1 0 0 0 0 0 14 18 0 0 0
 0 0 0 7 0 0 0 0 0 0 0 0 48 1 0 0 0 2 1 2
 182 4 0 0 0 0 1 50 131 1 0 0 0 0 18 83 10 6 0 0
 0 0 0 9 43 0 0 0 2 74 35 16 182 21 0 0 0 5 12 44
 182 60 2 1 1 0 3 30 19 85 31 13 5 0 0 5 14 0 0 0
 10 43 53 26 182 19 0 0 0 6 40 122 150 44 0 1 4 6 6 75
 8 42 25 24 67 57 6 10
128.082144 102.929900 5.913916 -0.917182
 51 55 97 13 0 0 6 46 6 11 86 104 3 1 10 12 32 3 13 66
 10 2 29 44 59 8 0 0 0 2 19 44 34 73 123 3 0 0 0 3
 123 50 64 13 0 0 24 80 32 8 1 3 0 15 123 92 30 1 0 0
 0 9 67 33 81 4 2 0 0 0 0 23 123 123 7 0 0 0 1 24
 34 123 79 0 0 8 22 8 5 66 36 0 0 5 50 11 26 0 0 0
 0 0 11 85 47 50 5 0 0 2 11 31 3 104 87 0 0 0 1 0
 0 123 103 0 0 0 0 0
48.978893 164.191823 5.672805 -1.225210
 7 36 50 11 29 16 1 0 31 60 12 2 36 52 0 0 1 0 0 0
 127 119 0 0 0 0 0 0 24 15 1 0 14 15 2 6 127 15 0 1
 127 54 1 1 37 19 1 13 23 1 0 0 127 124 16 6 0 0 0 0
 31 83 43 2 9 0 0 3 127 31 6 8 127 12 0 0 18 15 6 25
 54 5 0 2 111 127 58 4 0 0 0 0 23 127 95 4 1 1 5 34
 55 8 3 1 127 33 8 11 3 2 2 4 56 24 15 53 24 14 6 3
 32 9 5 2 5 74 43 36
48.978893 164.191823 5.672805 2.166680
 66 132 31 11 2 0 0 0 20 43 20 17 24 16 15 29 6 1 0 25
 132 12 14 29 11 1 1 6 31 6 16 30 66 132 48 0 0 0 0 0
 132 116 44 11 24 0 0 9 34 9 6 87 132 0 0 1 82 13 10 14
 11 0 2 23 86 45 9 0 0 0 0 6 132 22 5 17 31 1 0 21
 35 5 2 64 132 15 0 6 132 2 1 5 8 1 0 47 85 15 0 0
 0 0 0 5 132 58 0 0 14 4 0 10 21 6 0 1 73 62 19 6
 84 20 0 0 3 13 14 25
129.603633 26.330024 5.428664 2.817605
 6 11 0 0 5 6 42 26 8 6 5 37 108 18 8 5 150 42 8 18
 22 0 0 0 31 3 0 0 0 0 0 0 11 109 59 26 4 2 1 1
 29 12 51 150 115 7 0 0 150 19 6 29 26 0 0 3 55 2 0 0
 0 0 0 0 1 47 150 67 0 0 0 0 93 12 100 148 2 0 0 2
 150 16 5 9 0 0 0 14 41 12 6 0 0 0 0 0 0 0 24 15
 0 0 0 0 114 1 5 5 0 0 0 3 150 27 2 0 0 0 0 5
 13 18 19 25 8 0 0 0
145.185868 62.597826 5.074314 -2.780186
 0 0 0 31 108 9 1 0 39 0 0 2 8 4 1 11 120 0 0 0
 0 15 16 113 6 0 0 0 8 111 51 30 0 1 4 56 101 7 0 0
 91 7 3 11 10 1 0 4 139 7 0 0 0 4 6 47 34 0 0 1
 4 64 56 16 0 17 65 77 19 0 0 0 82 65 38 4 3 0 0 2
 139 127 24 0 0 0 0 4 41 40 55 51 17 5 3 2 0 12 57 14
 0 0 0 0 6 89 63 0 0 0 0 0 20 139 139 0 0 0 0 0
 13 64 139 43 1 0 0 24
20.883889 31.100683 5.003475 -0.051399
 1 0 0 0 0 0 0 1 0 0 0 0 0 0 14 17 7 0 0 0
 0 0 45 61 36 0 0 0 0 1 13 81 24 0 0 0 0 0 0 12
 85 2 0 0 0 0 56 145 25 0 0 0 0 0 145 145 20 0 0 0
 12 17 82 145 46 7 0 0 0 0 0 3 145 74 0 0 0 0 2 67
 145 25 4 1 0 0 18 104 16 3 14 29 18 9 9 27 37 1 0 0
 0 0 0 20 145 12 0 0 0 0 0 145 111 8 27 31 0 0 0 61
 2 1 66 82 1 0 0 0
20.883889 31.100683 5.003475 -1.108741
 4 1 0 0 0 0 0 0 143 87 0 0 0 0 0 19 143 35 0 0
 1 8 26 22 1 1 0 1 31 56 22 1 26 1 0 0 0 0 0 5
 143 41 2 0 0 0 0 58 143 124 32 1 1 0 0 14 1 33 13 17
 59 3 0 0 16 10 0 0 0 0 0 0 100 143 50 0 0 0 0 2
 26 143 143 0 0 0 0 0 24 143 21 6 32 1 0 0 0 5 2 0
 0 0 0 0 0 27 20 0 0 0 0 0 12 116 39 0 0 0 0 0
 38 143 3 0 3 1 0 0
159.961425 189.906265 4.906690 0.147275
 0 0 0 18 105 38 9 1 20 0 0 1 30 43 38 12 89 0 0 0
 1 26 159 153 11 0 0 0 0 41 159 47 10 0 0 36 40 15 8 23
 77 0 0 0 80 58 4 13 159 13 0 0 3 3 11 86 92 18 0 0
 0 1 30 32 5 0 1 7 14 5 9 16 64 2 1 14 84 32 1 9
 159 78 0 0 6 3 0 11 57 44 0 0 0 0 0 0 1 0 0 11
 18 6 0 1 20 10 3 24 49 1 0 0 105 159 8 3 5 0 0 0
 9 47 1 0 0 0 0 0
160.295038 158.006121 4.724931 2.911287
 23 14 1 0 0 0 0 4 31 3 2 6 16 3 1 19 156 1 0 0
 2 0 1 156 42 4 1 8 24 8 12 68 28 25 1 4 7 1 1 7
 90 20 10 27 15 0 0 6 156 31 2 3 2 0 0 42 54 12 5 56
 84 1 0 8 15 100 7 5 21 8 0 0 114 25 9 15 28 0 0 19
 156 66 18 19 2 0 0 28 25 15 33 156 34 2 0 0 11 41 12 7
 45 14 0 0 50 78 40 4 0 0 0 0 133 156 37 7 4 3 0 1
 8 25 43 53 30 21 1 0
175.681157 57.316939 4.496079 0.976150
 0 29 112 31 0 0 0 0 62 131 48 15 0 0 0 0 50 75 10 40
 10 0 0 0 0 1 2 131 71 0 0 0 30 116 131 8 0 0 8 35
 131 78 58 15 0 0 0 26 73 38 85 131 7 0 0 1 0 0 12 131
 55 0 0 4 32 18 27 6 0 0 24 72 76 55 131 20 0 0 2 27
 8 11 120 131 4 0 0 3 7 1 4 63 8 0 0 10 3 5 19 6
 1 18 28 10 3 3 27 5 6 1 21 50 3 1 6 17 14 0 2 12
 5 0 0 3 1 0 5 26
175.681157 57.316939 4.496079 2.992092
 0 8 3 6 38 15 0 0 41 0 0 10 28 12 9 34 8 0 0 1
 86 52 30 40 16 0 0 0 12 8 22 125 6 25 3 1 19 9 2 5
 110 2 0 0 12 34 33 116 34 0 0 0 7 125 120 70 87 1 0 0
 0 10 42 116 13 18 0 0 4 6 1 1 125 73 0 0 0 4 7 28
 115 27 0 0 0 70 125 33 10 0 0 0 1 18 125 55 6 4 0 1
 8 16 5 2 104 121 0 0 5 5 0 0 125 125 0 0 0 0 11 8
 13 26 0 1 8 7 31 8
57.240361 146.513759 4.407742 -1.145009
 47 1 0 2 47 6 6 20 134 7 0 0 33 11 1 37 14 0 0 3
 134 78 28 10 0 0 0 0 33 63 71 28 32 1 2 4 18 11 28 23
 134 12 0 3 27 7 2 22 39 4 0 10 133 89 57 10 4 1 0 0
 30 127 91 15 45 8 30 27 6 0 3 2 134 27 8 35 16 0 0 6
 43 44 29 100 59 2 0 6 41 20 6 3 12 32 33 90 60 4 8 11
 4 0 0 17 108 23 11 62 21 0 0 10 101 34 21 96 36 0 0 51
 100 22 46 10 1 1 2 75
207.978279 119.124029 4.406509 1.006241
 5 0 0 29 52 1 2 16 46 0 0 21 30 2 2 69 146 1 0 3
 2 8 9 146 146 26 17 6 0 0 0 146 9 0 0 11 10 0 0 17
 67 4 3 42 18 4 7 51 146 65 14 11 1 0 2 78 134 118 69 1
 0 0 0 19 0 0 0 0 0 0 0 1 17 1 1 9 11 15 51 12
 118 108 87 7 3 3 22 19 11 124 146 4 0 0 1 0 0 0 0 0
 0 0 0 0 0 0 1 2 4 3 2 0 1 5 27 7 10 10 45 10
 2 4 32 3 0 1 55 20
123.334249 73.515430 4.335550 -1.632361
 11 32 43 83 0 0 0 0 96 137 22 0 0 0 0 0 15 137 137 35
 1 0 0 0 0 8 137 100 1 0 0 0 10 7 1 3 0 0 0 0
 68 137 9 0 0 0 0 0 59 114 78 4 0 0 0 12 11 16 47 11
 0 0 1 9 1 0 0 0 0 1 1 1 75 21 0 0 0 0 0 4
 137 21 5 4 0 0 9 32 7 3 15 14 0 0 53 67 0 0 0 0
 0 0 0 0 62 10 0 0 0 0 0 1 137 17 0 0 0 0 19 100
 28 0 0 0 0 0 126 137
120.004913 129.256626 4.120865 1.453304
 5 9 38 56 6 3 2 3 2 1 10 122 85 29 1 0 93 2 0 35
 39 19 7 83 70 14 11 19 6 1 1 68 0 2 28 55 24 12 0 0
 19 1 2 104 119 37 5 2 122 16 0 18 15 5 4 59 47 10 2 10
 14 11 20 34 3 12 8 3 18 47 11 9 9 2 0 15 55 122 35 7
 111 106 25 31 21 45 19 14 37 122 24 0 0 2 18 26 5 7 18 15
 23 37 19 26 2 2 9 110 121 23 12 11 0 43 52 122 73 4 0 0
 1 122 91 5 1 0 0 0
120.004913 129.256626 4.120865 -0.759632
 21 54 40 3 0 1 12 15 3 20 24 51 118 5 0 0 0 0 0 15
 118 71 64 11 0 0 0 0 1 9 118 68 3 3 65 76 10 6 12 8
 11 11 77 118 31 1 2 3 101 13 8 45 27 16 69 56 20 13 9 1
 2 13 118 89 15 8 108 65 0 0 47 31 9 2 34 62 2 2 118 60
 118 6 2 7 2 0 39 81 44 25 22 7 12 4 1 22 118 5 1 0
 0 5 73 92 2 0 0 1 4 45 118 26 7 0 0 0 5 34 52 20
 42 3 0 0 5 5 7 23
132.241477 150.062516 3.936695 -2.150373
 85 64 0 0 0 0 0 1 41 15 2 0 0 0 3 63 8 2 3 0
 0 0 75 124 3 0 1 0 0 0 129 85 129 34 0 0 0 0 0 1
 129 23 0 0 0 0 14 129 43 29 11 17 13 7 47 129 16 81 37 4
 1 0 41 41 112 30 0 0 0 3 35 33 129 72 11 3 0 0 2 37
 30 46 42 53 27 9 8 6 3 75 49 8 4 3 11 3 16 0 0 0
 1 63 129 37 58 42 52 6 13 51 30 28 27 80 104 3 4 5 2 0
 25 23 13 0 0 1 7 11
72.610794 132.592744 3.449131 -1.610666
 27 36 1 3 50 55 0 1 35 48 17 8 59 32 1 2 100 11 9 5
 23 11 7 53 26 0 0 2 9 48 43 28 54 89 7 9 56 6 0 0
 21 40 56 37 127 15 0 1 127 84 34 14 8 0 0 22 47 12 32 65
 22 3 1 6 62 96 12 9 17 0 0 0 40 24 12 29 127 15 0 3
 127 121 66 34 32 3 0 22 31 24 75 127 19 0 1 21 62 35 3 2
 3 0 0 0 5 13 6 13 127 16 0 0 61 90 49 9 52 6 0 11
 72 14 27 15 0 4 13 113
105.071502 138.898168 3.430727 2.278146
 5 2 17 22 97 29 1 1 24 0 13 23 67 27 13 115 18 0 4 2
 4 6 62 142 24 3 4 7 0 0 39 62 4 26 142 58 26 3 0 0
 142 31 26 12 24 13 8 96 49 0 0 5 18 45 41 60 8 3 26 53
 27 20 20 14 33 41 57 40 4 0 0 0 142 92 12 1 0 0 1 7
 83 8 0 6 14 19 36 37 0 0 1 17 19 61 109 24 27 8 1 5
 0 0 0 0 142 117 0 0 0 0 0 1 108 66 12 7 0 0 6 20
 3 2 18 97 22 6 12 7
133.305464 69.969899 3.365094 -1.693133
 91 114 14 0 0 0 0 1 19 88 128 28 0 0 0 1 5 22 104 26
 0 0 1 5 9 14 21 21 3 1 9 6 25 96 21 0 0 0 0 0
 134 86 50 1 0 0 1 35 25 10 22 27 0 0 17 55 5 5 31 29
 0 0 3 13 46 4 0 0 0 0 0 3 134 18 4 4 0 0 3 12
 31 8 22 50 3 2 53 53 3 0 10 12 0 0 88 134 26 7 0 0
 0 0 0 0 134 44 0 0 0 0 5 34 92 5 0 0 0 1 109 134
 1 0 0 0 0 0 134 134
81.246438 127.413686 3.270259 -1.637797
 8 25 35 17 73 12 0 0 126 61 33 9 8 0 0 16 69 13 9 22
 17 7 5 16 2 4 10 27 29 30 3 0 14 15 16 22 126 19 0 0
 126 83 25 13 32 4 0 21 77 25 61 126 29 0 0 7 26 36 54 50
 11 0 0 2 7 14 9 21 126 9 0 0 84 126 82 12 66 6 0 4
 50 48 113 93 10 0 4 90 48 10 5 11 5 11 14 80 7 3 0 2
 78 25 1 2 51 34 6 3 99 23 0 1 126 44 4 0 0 1 6 77
 24 4 3 22 12 36 17 36
146.918136 108.591944 3.201084 -2.568874
 23 20 40 38 2 0 1 6 128 34 2 4 0 0 0 32 19 14 35 25
 2 0 0 3 0 0 24 100 109 1 0 0 33 16 7 4 6 7 13 19
 128 37 1 1 6 3 5 28 19 5 9 73 89 14 0 2 0 0 11 128
 113 2 0 0 91 24 1 0 0 0 10 45 69 49 3 0 3 13 26 47
 7 45 24 27 128 46 1 0 1 0 2 73 128 38 1 4 128 55 1 0
 0 0 2 16 46 8 14 9 13 39 32 22 0 9 31 128 108 27 2 0
 0 0 12 128 95 5 0 0
7.810948 101.422015 3.116915 -0.923946
 0 0 0 0 0 0 0 0 36 13 0 0 0 0 0 0 66 32 4 9
 2 0 0 1 2 1 7 86 28 0 0 0 6 0 0 0 1 4 1 3
 130 20 0 0 0 3 1 33 130 34 27 46 4 2 2 8 0 1 8 118
 44 10 3 0 8 1 0 1 122 54 1 3 130 82 1 0 57 26 2 20
 124 57 8 32 11 4 6 20 9 6 6 130 80 14 7 6 2 9 5 12
 130 37 3 1 130 28 1 1 83 35 17 56 114 18 12 130 28 0 0 20
 4 18 30 130 38 0 0 0
141.750602 139.204119 3.098858 -1.191105
 43 14 2 0 0 0 68 128 28 27 32 21 28 39 79 111 26 1 5 13
 31 82 97 52 3 0 0 0 22 128 53 15 77 104 9 2 12 12 15 24
 31 46 128 38 29 34 2 3 128 26 32 17 7 14 7 46 29 2 0 0
 5 128 33 15 82 92 0 0 5 7 10 52 44 34 7 4 29 82 5 8
 128 91 4 0 3 14 4 12 26 70 8 0 1 13 7 1 7 3 0 0
 1 9 48 51 12 8 6 8 11 12 15 15 41 61 10 1 1 5 22 27
 6 128 26 0 0 5 14 1
10.886478 86.229452 2.919730 2.334309
 102 3 0 0 1 2 10 130 91 75 18 8 4 4 13 29 56 60 40 45
 34 0 0 5 76 27 18 48 16 0 0 4 27 0 0 11 36 8 24 145
 20 30 37 116 110 12 13 17 145 78 42 21 5 3 2 25 35 5 12 42
 37 35 7 18 6 1 2 29 97 19 8 73 49 8 2 41 145 55 1 4
 145 31 2 5 19 6 2 27 43 1 0 0 4 18 6 12 2 2 3 14
 63 21 15 15 11 8 2 59 145 22 0 0 71 33 2 10 18 0 0 0
 4 0 0 0 0 0 0 0
62.160414 38.138598 2.905935 2.661306
 121 21 0 0 0 0 0 0 121 67 9 0 0 0 0 0 40 54 3 0
 0 0 0 0 8 4 0 2 121 5 0 0 121 13 0 0 0 0 0 4
 121 58 29 5 0 1 4 9 121 70 8 0 0 0 1 15 24 2 0 0
 121 21 1 5 121 0 0 0 0 0 0 111 88 2 1 1 0 1 37 116
 95 3 0 0 0 0 20 119 21 0 0 1 121 25 2 18 32 0 0 0
 0 0 8 121 50 0 0 0 0 0 8 97 36 0 0 0 1 0 3 76
 3 0 0 18 109 4 0 9
16.450379 38.084191 2.846513 -1.335631
 14 41 10 0 0 0 0 2 146 146 6 0 0 0 0 24 93 104 0 0
 1 3 3 19 1 6 1 1 16 15 4 1 47 0 0 0 0 0 0 5
 146 17 0 0 0 0 1 61 98 112 11 4 5 3 6 31 1 78 24 5
 10 1 0 0 47 5 0 0 0 0 0 0 146 74 4 0 0 0 0 3
 72 58 32 16 10 1 1 4 0 93 40 25 9 0 0 0 14 7 0 0
 0 0 0 0 102 127 45 0 0 0 0 0 21 98 146 22 1 0 0 0
 0 34 139 71 2 0 0 0
32.649868 108.371850 2.777356 1.613338
 0 0 2 17 47 38 5 0 18 1 4 1 1 11 14 56 134 10 0 0
 0 15 34 42 134 6 0 0 30 31 5 22 8 8 2 12 26 37 5 4
 125 3 0 1 11 30 30 134 134 6 0 0 21 119 53 65 134 34 9 19
 26 8 2 11 19 10 2 9 18 0 0 2 134 36 0 3 12 7 2 30
 133 19 0 3 96 77 6 16 130 36 16 13 9 7 1 10 9 0 0 1
 7 2 9 16 134 23 1 1 2 0 4 34 71 28 7 25 52 4 2 4
 85 18 1 2 7 1 3 19
104.093490 113.519644 2.757016 1.053365
 5 0 0 0 0 3 32 36 136 1 0 0 0 0 6 136 97 18 15 1
 4 15 13 113 0 4 4 12 83 136 7 2 14 0 0 3 40 49 101 25
 136 8 2 2 8 4 10 67 75 52 45 15 11 22 1 10 2 28 20 92
 101 12 1 2 22 1 0 25 136 15 3 0 136 31 7 3 21 1 0 3
 45 63 35 4 11 30 1 0 8 12 3 23 76 57 10 6 14 4 0 8
 112 11 0 0 136 50 1 3 21 2 1 2 50 43 6 1 4 24 17 9
 28 17 0 0 9 39 17 18
60.851960 73.649146 2.690217 1.259902
 3 7 1 0 0 0 0 2 55 87 1 0 0 0 4 54 21 136 51 0
 0 10 23 25 3 112 89 0 0 7 3 0 21 0 0 0 0 0 0 29
 136 3 0 0 0 2 33 136 24 6 5 0 0 100 136 70 0 29 41 1
 12 129 66 0 34 7 1 0 0 0 1 47 136 60 1 0 0 1 4 44
 83 34 6 7 12 52 27 10 0 0 0 19 129 67 15 0 23 6 1 5
 17 19 22 24 136 39 1 1 3 3 0 12 73 22 10 27 9 0 0 2
 0 0 1 48 114 4 0 0
49.838654 138.838042 2.686752 -1.207729
 0 0 0 0 14 8 26 40 62 10 0 0 3 7 19 36 149 41 0 0
 2 1 0 13 44 4 0 6 142 42 2 6 10 3 2 18 7 6 35 27
 72 8 3 52 16 6 10 9 149 35 2 3 1 0 0 9 51 16 4 45
 138 22 0 3 8 10 45 56 6 1 0 1 110 7 11 69 2 0 0 11
 149 35 3 4 1 0 0 25 27 25 11 84 135 0 0 0 1 2 34 22
 4 0 0 0 129 6 11 11 0 0 0 18 149 57 5 4 1 0 0 11
 5 19 13 100 127 0 0 1
9.873303 66.102227 2.631503 2.386326
 53 24 9 46 23 0 0 0 50 99 24 34 10 0 0 0 9 18 41 61
 84 1 0 0 0 0 6 125 131 16 0 0 72 47 14 65 97 0 0 2
 131 60 10 40 62 1 0 14 44 34 27 68 129 9 0 1 14 14 5 7
 131 131 0 0 49 59 54 28 26 1 1 20 110 22 34 45 31 4 2 41
 31 41 43 131 63 2 0 0 27 30 3 3 20 47 0 0 131 26 13 13
 5 1 1 27 34 0 4 15 31 41 10 24 0 1 11 35 23 15 0 0
 0 1 0 0 0 0 0 0
9.873303 66.102227 2.631503 -0.990930
 0 0 0 0 0 0 0 2 30 46 7 1 0 0 2 30 10 24 10 22
 96 25 4 6 18 1 0 3 67 57 44 40 3 9 1 0 7 35 6 10
 93 7 0 0 13 39 29 124 42 10 2 18 124 46 23 33 67 8 1 5
 34 66 56 27 59 124 6 0 12 30 2 1 124 46 0 0 22 52 22 38
 64 7 0 0 124 124 15 25 124 5 0 0 36 60 13 40 124 124 0 0
 0 0 0 28 124 52 0 0 0 5 25 57 10 0 0 0 14 95 27 29
 25 0 0 0 14 36 17 31
160.289598 200.922215 2.627239 0.129304
 61 21 2 1 7 2 0 19 166 21 0 0 0 0 0 51 141 64 4 0
 0 0 1 17 1 15 8 0 0 1 3 0 99 61 3 1 30 28 2 14
 166 55 0 0 0 0 0 40 132 70 2 0 0 0 0 19 8 30 4 0
 0 0 0 0 92 10 0 3 49 34 6 39 166 54 0 0 0 0 0 65
 97 61 6 0 0 0 0 8 3 13 6 0 0 0 0 0 58 10 0 9
 30 4 3 16 166 112 0 0 0 0 0 11 28 141 13 0 0 0 0 0
 0 15 6 0 0 0 0 0
213.558888 137.421055 2.575867 -1.918668
 11 16 29 48 10 0 0 14 9 8 52 10 1 0 8 44 0 0 21 5
 0 0 1 3 0 0 0 0 0 0 0 0 4 44 126 9 1 15 42 1
 34 28 126 51 3 24 26 7 122 46 78 9 0 1 3 27 0 1 0 0
 0 0 0 0 8 19 11 2 1 55 126 12 28 11 34 10 3 125 126 12
 106 69 36 3 1 36 90 28 0 3 5 0 0 1 9 1 2 10 5 5
 47 126 126 1 0 37 100 32 125 94 31 0 3 99 126 6 6 18 53 13
 1 11 49 2 0 0 12 8
213.558888 137.421055 2.575867 2.492633
 0 0 0 0 0 0 0 0 0 0 0 1 3 0 0 0 26 20 0 4
 21 8 0 1 9 34 18 13 134 41 2 0 0 0 0 0 5 6 0 0
 3 9 109 89 52 20 0 0 134 42 59 78 51 9 1 9 38 9 1 20
 134 37 41 41 1 26 8 1 20 24 0 0 14 6 35 30 134 134 2 4
 134 22 19 15 33 38 4 24 134 6 1 6 43 28 41 111 2 34 21 2
 3 12 30 3 3 4 15 20 121 48 4 1 123 38 3 7 54 19 1 4
 134 24 5 18 5 0 0 26
69.720168 81.805964 2.523708 1.299839
 0 0 0 0 0 0 1 15 63 1 0 0 0 0 1 74 165 16 0 0
 0 6 31 162 19 6 0 0 3 96 89 25 12 0 0 0 0 1 9 43
 97 26 5 0 1 8 8 44 165 63 1 0 0 0 0 24 56 24 10 17
 17 22 3 2 42 2 2 15 14 12 35 120 100 14 2 33 63 40 27 20
 165 74 3 1 1 0 0 26 38 22 14 43 16 0 0 1 55 9 9 48
 22 13 6 33 60 13 2 63 39 12 0 2 165 76 1 0 0 0 0 4
 39 22 6 19 14 0 0 0
146.949094 174.156349 2.409323 -0.505343
 33 22 0 0 20 62 39 22 65 46 0 4 80 33 25 21 13 30 24 15
 102 48 3 1 71 64 16 4 0 1 0 4 20 4 0 0 54 94 9 10
 135 23 0 0 42 73 8 14 25 1 0 0 47 135 29 9 25 21 17 3
 5 59 10 5 3 0 0 2 117 130 20 3 135 14 0 0 41 29 5 17
 55 25 0 0 0 135 34 5 0 3 9 4 9 135 41 0 1 0 0 45
 135 35 1 0 103 26 1 13 27 1 0 1 45 58 1 0 0 6 2 0
 6 37 2 0 0 96 30 1
146.949094 174.156349 2.409323 -2.823366
 46 4 0 20 57 45 6 8 134 32 0 2 5 4 2 9 33 8 0 23
 53 0 0 0 0 0 5 75 33 0 0 0 42 8 7 41 23 9 1 5
 134 31 7 16 3 1 0 12 41 9 12 134 31 0 0 3 2 0 3 91
 14 1 22 46 43 3 2 22 36 23 13 81 134 10 12 87 10 0 0 99
 52 6 25 134 5 0 0 55 97 11 3 8 0 0 12 134 16 60 60 5
 10 9 17 65 29 18 19 96 53 0 0 47 89 6 9 30 7 0 0 59
 134 34 6 1 0 0 2 76
156.386679 92.012597 2.352523 0.182941
 5 0 0 0 4 10 14 14 75 36 2 2 8 8 6 20 149 148 3 0
 0 0 9 62 15 80 8 0 0 16 46 13 20 15 2 2 15 3 2 6
 43 60 12 22 102 8 1 2 149 149 7 3 4 0 0 8 88 136 6 0
 0 0 1 14 6 26 7 8 7 0 0 0 52 15 4 9 97 20 4 17
 149 10 0 0 7 4 2 95 107 3 0 0 0 0 0 94 6 5 0 1
 1 1 1 1 46 3 0 1 17 13 2 9 149 28 0 0 1 2 0 52
 73 10 0 0 0 0 7 83
38.147747 113.509784 2.301606 1.631241
 4 14 5 37 30 17 2 0 37 2 0 5 35 49 6 36 111 0 0 0
 3 36 49 152 112 1 0 0 15 104 42 35 19 20 3 14 32 1 0 0
 119 15 2 19 36 1 0 12 152 52 0 0 16 26 9 59 90 9 0 0
 102 114 9 17 11 4 1 2 37 5 2 4 109 3 0 5 16 3 6 36
 152 35 2 5 11 0 0 43 70 16 4 26 114 13 0 5 1 0 0 0
 26 9 14 30 49 1 0 0 0 1 38 72 152 73 5 4 1 0 3 24
 30 27 8 24 31 7 12 8
129.621026 136.382472 2.280615 -0.560676
 63 7 23 130 11 0 0 7 130 2 1 6 2 21 21 70 20 0 0 0
 5 74 104 45 18 0 0 0 0 13 130 52 91 3 10 21 0 1 77 51
 130 4 0 1 7 14 9 45 78 27 4 13 44 48 8 26 75 77 20 13
 2 3 21 27 12 0 0 0 0 23 128 34 130 8 0 3 14 9 21 40
 40 38 7 29 130 14 0 0 18 116 58 13 11 1 0 14 0 0 0 0
 0 23 43 7 63 7 0 1 4 10 17 18 21 8 2 12 106 14 2 10
 35 10 4 1 20 4 3 130
213.991746 185.555314 2.268008 0.980601
 9 9 14 93 24 0 0 3 133 34 15 34 6 2 1 13 18 0 0 15
 45 8 2 8 0 0 1 46 97 0 0 0 43 11 12 30 1 0 0 4
 138 24 7 8 5 7 2 33 37 2 0 12 138 37 3 10 0 0 4 101
 138 1 0 0 6 0 0 0 0 0 0 1 138 26 6 7 2 1 0 6
 31 17 16 104 132 8 0 0 0 0 5 138 138 0 0 0 0 0 0 0
 0 0 0 0 3 2 5 9 0 0 0 0 1 2 34 107 42 0 0 0
 0 0 2 138 138 0 0 0
9.548896 176.919898 2.214161 0.045597
 1 7 11 16 33 3 0 0 4 0 0 17 136 6 1 4 45 0 0 0
 13 7 6 35 7 2 2 3 1 23 14 8 8 18 40 53 50 3 0 0
 22 9 11 65 136 5 0 3 136 22 2 8 29 7 11 58 40 8 3 2
 0 45 118 58 0 33 100 85 25 3 0 0 47 16 16 136 133 1 0 3
 136 104 9 11 10 0 0 17 46 116 58 0 0 0 18 21 2 11 85 74
 7 1 0 0 34 11 13 79 29 14 5 10 120 81 2 1 0 0 5 35
 32 80 11 0 0 0 5 14
9.548896 176.919898 2.214161 2.980338
 0 0 4 46 32 71 5 0 6 4 4 28 86 85 3 6 68 11 5 2
 8 7 27 111 8 0 0 0 0 5 103 80 0 0 0 3 27 126 86 1
 23 0 0 1 131 131 16 15 131 8 0 0 22 17 14 131 40 7 1 0
 2 14 74 50 0 12 86 87 42 30 23 1 18 6 14 28 131 74 4 1
 131 59 0 3 30 18 8 12 87 16 0 0 2 11 23 50 8 22 54 24
 8 5 4 9 1 11 15 25 69 2 0 0 80 29 1 7 20 1 0 0
 43 7 0 0 0 0 0 2
120.417492 104.086297 2.189538 -0.740366
 20 65 82 6 0 0 2 2 18 12 54 17 0 2 59 23 0 0 27 9
 0 1 108 33 0 0 6 4 0 0 87 38 48 68 0 0 0 0 0 3
 151 56 0 0 0 2 57 73 28 0 0 0 0 51 151 44 0 0 0 0
 0 34 140 21 30 4 0 0 0 0 6 66 151 21 0 0 0 0 7 62
 151 3 0 1 2 34 85 23 0 0 0 5 10 62 100 0 21 0 0 0
 3 6 13 59 151 8 1 0 0 0 1 90 102 9 16 12 3 0 0 15
 0 0 7 40 14 1 0 0
150.528379 100.898745 2.167309 1.015042
 27 8 13 90 7 0 0 20 124 8 3 7 1 0 4 124 82 6 0 0
 10 49 86 124 65 8 0 0 15 43 25 30 20 2 3 38 9 2 44 124
 122 7 0 0 0 0 21 124 124 30 0 0 17 28 2 25 29 22 0 0
 68 75 1 1 0 0 0 0 0 2 108 124 13 0 0 0 0 0 85 96
 124 6 0 0 5 4 9 63 25 6 2 15 89 52 1 1 4 0 0 0
 0 16 69 31 0 0 0 0 0 7 58 30 21 4 2 6 2 0 7 27
 5 4 6 81 72 1 0 0
82.152840 142.622933 2.161373 -1.875282
 34 16 3 4 22 89 8 6 124 51 0 0 1 1 19 27 19 1 0 0
 0 12 86 24 0 0 0 1 2 49 94 0 34 40 2 6 115 94 1 1
 126 24 0 1 25 14 2 25 64 7 0 0 1 18 27 26 0 0 1 6
 39 34 6 0 23 82 56 60 60 12 0 0 126 126 13 20 24 3 0 4
 82 97 3 10 5 7 1 2 0 1 27 55 40 18 0 0 1 33 63 41
 60 59 0 0 126 126 31 10 3 2 0 5 126 35 1 15 36 2 0 11
 1 4 48 83 107 8 0 0
86.774730 120.654824 2.155529 -2.493867
 0 2 3 54 65 29 0 0 2 32 44 68 32 25 0 0 25 92 26 1
 0 9 4 4 2 30 26 0 1 17 28 5 15 45 3 15 46 92 0 0
 18 23 9 53 125 124 0 1 125 63 4 7 17 6 8 18 34 12 13 0
 2 47 55 16 17 125 92 97 14 3 0 0 39 12 24 125 97 6 0 14
 125 76 17 8 8 0 0 42 53 64 10 0 0 5 19 7 0 39 81 27
 0 47 15 0 11 31 53 40 1 8 4 1 18 125 94 0 0 0 0 1
 2 125 65 0 0 0 0 0
189.024365 202.438234 2.130032 0.517414
 0 0 1 24 24 9 10 13 71 17 6 12 14 12 5 68 93 34 5 0
 0 0 0 79 59 75 0 0 0 0 0 2 4 3 8 63 44 9 3 8
 40 99 108 37 24 19 3 10 153 162 64 1 1 0 0 25 54 31 0 0
 0 0 1 22 1 8 17 44 24 21 7 0 68 15 28 93 77 52 10 0
 162 32 8 8 13 2 3 71 41 0 0 0 0 0 9 39 1 7 12 105
 37 1 0 0 90 13 31 132 18 0 0 1 162 35 2 5 1 0 0 27
 26 0 0 0 0 0 1 7
56.160254 133.331913 2.041818 -1.275453
 4 2 1 54 15 0 0 2 139 39 0 13 6 0 0 2 139 63 4 4
 1 0 0 0 7 13 6 75 128 4 0 0 16 1 2 61 8 0 0 1
 139 10 0 7 2 0 0 27 139 53 5 4 4 0 0 6 4 14 7 45
 139 20 0 0 35 3 11 32 1 0 0 3 139 34 1 2 0 0 0 12
 66 103 8 4 1 0 0 0 0 15 11 93 139 3 0 0 45 0 1 7
 3 0 0 14 139 18 0 0 0 0 0 30 24 70 16 7 1 0 0 0
 1 9 13 84 139 0 0 0
137.250432 195.265441 2.002706 -0.711144
 16 0 0 0 0 0 20 51 18 0 0 0 14 53 35 78 23 0 0 0
 6 28 65 140 10 0 0 0 0 0 118 140 24 0 0 0 0 1 64 90
 54 0 0 5 54 34 11 78 140 16 0 0 11 10 11 140 117 30 1 0
 0 0 12 84 9 18 13 10 5 0 14 35 42 10 7 41 33 0 0 12
 140 100 3 2 5 0 0 5 63 140 17 0 0 0 0 0 1 22 13 8
 32 15 0 0 18 26 9 13 1 1 1 3 32 110 31 1 1 2 1 2
 18 140 26 0 0 0 0 0
144.410265 54.381397 1.970806 -2.875490
 39 31 2 0 0 0 0 0 157 89 0 0 0 0 0 2 105 113 0 0
 0 0 0 4 20 25 0 0 0 2 4 1 54 26 3 0 5 0 0 0
 157 23 0 0 0 0 0 44 157 28 0 0 0 0 0 73 57 18 0 0
 0 0 0 6 65 7 0 0 11 7 0 13 157 45 0 0 0 0 0 16
 133 103 0 0 0 0 0 9 51 32 0 0 0 0 0 3 28 7 4 1
 5 9 3 32 157 87 4 0 0 0 0 15 66 153 13 0 0 0 0 0
 40 83 13 0 0 0 0 0
125.189239 89.315471 1.966584 -0.962531
 8 0 0 0 0 0 0 25 62 6 0 0 0 0 0 90 153 81 0 0
 0 0 0 16 133 31 2 3 3 1 1 1 50 0 0 0 0 0 1 80
 51 1 0 0 4 20 15 88 153 66 4 0 1 3 1 21 135 78 72 16
 0 0 0 0 120 36 0 0 0 0 1 19 71 33 0 0 1 40 32 20
 94 127 35 0 0 21 25 7 16 143 153 6 0 3 1 0 48 43 0 0
 0 0 0 8 41 111 14 0 0 2 4 5 2 37 31 1 0 12 7 0
 7 24 31 1 0 15 8 3
121.715224 85.148257 1.954358 -0.771342
 0 0 0 0 0 0 0 3 3 0 0 0 0 0 2 75 20 0 0 0
 0 0 17 148 151 7 0 0 0 0 1 76 21 0 0 0 0 0 0 14
 103 1 0 0 0 4 10 151 53 1 0 0 13 43 31 101 151 39 1 0
 0 2 2 116 36 4 0 0 0 0 0 6 151 54 0 0 0 3 2 21
 78 34 2 0 3 71 30 20 124 151 36 0 0 19 11 15 10 1 0 0
 0 0 2 29 98 65 0 0 0 1 16 41 36 116 16 0 0 6 5 2
 2 35 24 1 2 23 3 0
170.000424 182.942952 1.948420 3.127098
 25 11 12 19 24 11 3 17 135 32 12 8 3 8 2 14 48 1 0 0
 40 77 5 10 42 10 0 0 3 8 1 2 17 5 11 42 54 26 2 8
 135 32 7 11 10 8 6 69 70 6 0 0 90 92 10 23 19 22 0 0
 29 23 0 1 17 21 12 36 126 42 1 4 135 135 3 1 2 2 2 14
 76 92 3 4 101 39 1 2 13 2 0 0 52 38 3 7 5 38 7 46
 128 64 1 0 91 135 4 2 2 9 2 0 107 135 1 2 26 8 0 0
 2 3 0 1 40 23 1 1
66.192931 168.543906 1.942331 -2.602046
 28 1 0 0 0 7 16 16 26 4 2 1 0 10 43 125 11 4 14 51
 4 4 91 125 3 0 9 41 4 10 50 49 79 13 0 0 0 1 7 11
 67 32 56 30 4 0 8 47 67 27 110 74 1 0 2 45 39 0 5 18
 1 0 12 121 29 11 7 3 0 41 43 13 28 17 33 64 6 13 16 1
 125 37 13 8 0 0 3 34 109 27 17 0 0 0 31 125 0 0 0 0
 0 76 125 11 3 1 2 3 0 95 125 7 74 30 0 0 0 15 125 58
 46 69 63 3 0 8 60 19
66.192931 168.543906 1.942331 -0.964641
 0 0 0 98 122 5 0 0 8 3 1 56 46 11 23 9 0 0 0 2
 8 12 77 8 0 0 0 6 11 16 32 1 1 2 0 112 122 7 4 1
 35 59 4 16 16 2 29 15 51 28 2 0 8 46 65 31 2 0 0 14
 47 111 22 4 1 0 0 17 122 48 94 30 14 7 0 0 2 50 122 25
 119 64 0 0 4 50 57 31 15 38 2 3 106 122 11 4 71 3 0 7
 41 21 49 70 10 0 0 0 44 122 87 17 9 24 1 0 14 116 27 0
 10 39 4 12 70 37 1 0
21.503207 23.265544 1.931755 0.002386
 0 0 0 0 0 0 0 0 23 0 0 0 0 0 1 28 42 0 0 0
 0 0 104 151 2 0 0 0 0 0 151 142 0 0 0 0 0 0 3 1
 129 1 0 0 0 0 1 17 151 3 0 0 0 3 37 110 45 9 0 0
 0 16 69 65 0 0 1 1 0 0 0 0 137 14 0 0 0 0 0 4
 151 101 3 0 0 1 1 18 35 48 25 3 0 12 14 6 0 0 0 0
 0 0 0 0 44 25 0 0 0 0 0 0 139 151 2 0 0 0 0 0
 38 104 30 1 0 0 0 10
131.671861 71.999189 1.867893 -1.629209
 5 133 111 0 0 0 2 2 7 46 133 26 0 0 4 8 5 37 74 14
 0 0 7 15 2 12 34 1 0 0 14 15 75 70 33 0 0 0 0 6
 133 39 37 0 0 0 26 133 18 14 9 1 0 0 114 130 1 1 10 19
 0 1 81 49 124 10 0 0 0 0 0 5 133 32 1 1 0 0 3 49
 43 23 40 57 0 0 18 23 0 0 63 120 0 0 5 4 109 1 0 0
 0 0 0 15 133 16 4 15 1 1 1 46 13 4 22 95 10 11 10 4
 1 0 16 39 1 1 17 26
34.691450 192.468223 1.854391 -2.093877
 0 0 0 0 0 120 120 17 11 0 0 0 0 79 112 120 14 0 0 0
 0 109 120 74 0 0 0 0 0 120 120 0 1 0 0 0 6 120 58 6
 48 6 0 0 8 120 55 65 120 19 0 1 4 57 64 53 4 0 7 13
 17 107 120 2 5 13 5 6 10 25 2 4 7 5 2 0 9 120 46 20
 42 4 1 1 15 20 37 84 8 1 6 14 49 42 15 16 0 42 23 14
 7 0 0 0 0 31 37 0 0 4 4 1 2 29 29 0 1 5 4 7
 1 17 7 2 3 24 19 6
34.691450 192.468223 1.854391 1.901535
 128 33 9 4 1 12 12 41 46 19 19 5 1 5 13 52 17 6 10 2
 33 14 0 7 0 0 0 0 37 65 0 0 128 128 1 5 0 2 5 6
 32 29 58 93 6 1 8 22 47 65 63 15 5 5 0 4 7 3 0 0
 44 30 0 1 128 128 54 11 0 0 0 0 68 79 127 115 9 0 0 3
 128 30 15 11 1 0 0 31 15 1 2 4 31 9 6 5 12 102 52 0
 0 0 0 0 128 105 80 3 0 0 0 4 128 60 5 1 0 0 0 12
 17 10 2 1 2 3 10 25
125.659350 155.593606 1.847548 -2.180922
 110 56 1 0 0 0 0 5 39 32 17 24 1 0 2 12 45 2 12 13
 0 0 5 97 17 0 0 0 0 9 85 85 129 12 1 1 1 0 0 42
 74 30 41 17 5 1 0 11 150 19 8 1 0 0 3 139 61 0 0 0
 1 34 79 114 78 71 12 1 4 0 0 14 72 42 22 11 15 8 4 13
 150 45 3 0 0 0 1 22 109 38 35 15 5 7 3 13 8 53 10 0
 0 0 0 5 93 71 10 0 0 0 0 39 150 50 15 0 0 0 2 36
 26 42 113 15 0 0 7 10
187.598109 63.824672 1.842005 2.856472
 0 0 0 11 52 33 0 0 56 5 0 11 61 4 0 11 122 21 8 1
 5 22 8 41 0 36 37 4 21 39 2 1 0 0 0 1 88 57 0 0
 64 29 0 13 99 33 0 1 158 45 0 1 3 38 16 32 18 9 8 1
 11 158 24 10 0 5 1 0 47 46 0 0 53 2 0 0 91 120 3 12
 158 6 0 0 3 14 10 64 57 0 0 0 0 148 62 35 1 35 3 0
 6 10 0 0 19 3 0 0 33 93 5 4 158 20 0 0 4 21 8 23
 111 9 0 0 0 31 41 25
34.994169 200.524874 1.799332 1.980932
 131 73 0 0 0 0 0 0 131 108 39 40 1 0 0 0 44 24 52 75
 2 0 0 7 60 19 6 0 3 1 0 14 38 84 5 0 0 0 0 0
 47 131 131 11 0 0 0 0 131 61 55 14 0 0 0 29 82 6 5 2
 1 0 0 25 1 11 1 0 0 0 0 0 108 62 15 0 0 0 0 3
 131 131 10 0 0 0 0 18 70 86 6 0 0 0 0 13 0 0 0 0
 0 0 0 0 19 37 0 0 0 0 0 0 62 131 19 0 0 0 0 1
 131 96 6 0 0 0 0 9
38.352405 179.503529 1.779316 -1.251901
 32 48 1 0 0 0 0 0 25 19 1 4 12 28 42 8 5 5 17 88
 30 11 50 40 17 36 24 44 82 93 14 9 58 118 0 0 0 0 0 0
 95 27 1 5 21 8 0 7 8 4 7 55 99 67 49 25 15 25 10 50
 118 29 60 52 118 118 0 0 0 1 0 1 81 91 52 1 3 2 0 7
 25 20 25 3 12 26 24 30 2 0 0 14 118 70 19 22 64 118 2 0
 1 1 0 0 108 118 25 0 0 0 0 49 50 13 5 0 0 4 9 101
 1 0 0 4 98 83 9 8
38.352405 179.503529 1.779316 2.258871
 128 17 1 0 0 0 0 106 34 19 23 40 8 2 0 10 0 0 32 128
 42 30 2 0 0 0 2 95 128 36 0 0 128 21 68 10 4 1 2 120
 41 32 54 20 10 12 7 7 5 0 0 24 68 80 25 1 0 0 0 4
 128 76 2 0 29 21 44 14 40 33 54 68 88 26 22 9 13 1 21 89
 9 0 0 48 92 8 2 3 0 0 0 7 128 75 0 0 33 17 46 52
 2 5 29 34 17 58 56 13 12 0 10 26 2 4 2 7 55 19 0 0
 0 0 0 7 128 49 0 0
180.238570 194.451669 1.739210 0.115274
 8 6 2 73 124 8 8 13 47 16 2 11 20 16 10 46 124 109 0 1
 9 11 3 51 86 124 3 0 0 0 0 9 8 6 1 22 124 14 20 24
 37 16 12 56 38 9 17 41 124 37 5 9 4 3 1 84 56 61 6 0
 0 0 0 15 19 7 2 22 91 3 3 11 42 10 2 18 45 54 22 22
 124 47 34 5 5 7 4 34 34 45 76 3 0 0 0 1 34 1 0 2
 54 13 2 20 24 9 6 26 101 12 4 14 37 51 124 66 20 7 6 1
 80 114 124 27 2 5 1 2
131.718551 76.904655 1.724544 -2.797075
 64 3 1 8 72 9 1 30 9 5 4 30 54 3 0 0 96 4 2 26
 26 0 0 17 50 1 0 0 49 11 0 14 67 1 0 15 80 7 0 24
 12 4 13 103 107 4 0 0 119 16 12 37 5 0 0 29 45 3 4 10
 42 8 0 12 47 3 17 119 36 2 0 21 22 29 22 119 106 1 0 0
 119 119 81 15 3 0 0 8 14 78 92 17 13 3 0 2 2 2 79 119
 0 0 0 2 1 18 32 119 3 0 0 0 1 85 96 2 0 0 0 0
 1 119 101 0 0 0 0 0
65.971224 149.871896 1.716544 1.924731
 53 0 0 34 9 2 4 73 11 0 0 13 112 31 19 42 104 11 0 7
 79 11 2 61 46 4 0 0 1 12 6 33 127 3 1 7 22 5 1 61
 30 3 2 106 127 17 1 12 127 11 3 37 39 6 1 71 32 0 0 0
 13 15 3 25 127 36 1 2 20 5 3 6 30 8 0 12 127 113 2 3
 127 72 2 3 43 36 3 9 33 31 4 3 14 4 0 1 38 94 14 3
 8 2 1 0 7 50 39 42 121 18 0 0 127 42 3 21 68 6 0 17
 56 15 0 1 9 2 0 22
47.867530 146.508958 1.683027 -1.216946
 8 0 0 0 0 3 7 48 107 41 0 0 13 20 4 10 172 135 37 0
 0 0 0 24 90 27 13 6 4 1 1 28 0 0 0 0 4 5 18 67
 85 14 0 0 74 28 9 11 172 30 0 0 6 0 0 48 113 9 1 4
 9 4 1 31 0 0 5 20 9 3 9 36 94 4 2 38 100 7 2 6
 172 28 0 1 6 0 0 23 100 23 0 0 0 1 1 8 0 0 7 68
 10 1 0 0 84 6 3 62 27 0 0 5 172 40 0 1 0 0 0 15
 59 54 3 2 0 0 0 0
31.046722 85.772243 1.675963 2.079057
 7 21 5 3 53 38 0 0 120 92 0 0 70 51 0 0 146 126 5 0
 0 0 0 0 23 68 14 7 4 0 0 0 6 25 12 11 26 7 0 0
 88 33 3 14 117 45 3 5 146 88 0 0 6 5 2 28 39 23 6 13
 48 28 9 8 10 4 14 8 3 2 4 33 73 1 1 8 64 69 18 37
 146 5 0 0 8 10 11 100 22 0 0 0 9 49 62 32 19 0 0 2
 7 4 24 39 69 0 0 15 86 6 3 55 146 0 0 1 7 1 7 146
 10 0 0 6 21 18 22 28
42.391785 185.552829 1.639179 1.598327
 126 135 5 0 0 0 0 1 27 34 10 24 10 2 0 1 4 22 10 10
 10 9 19 7 0 2 0 0 34 37 8 2 135 135 17 0 0 0 0 2
 98 67 34 90 8 11 4 7 70 68 29 31 3 3 2 24 18 8 2 2
 23 30 0 3 135 89 4 0 0 0 1 10 134 91 30 15 12 58 29 35
 52 10 12 29 10 13 17 87 12 19 62 42 8 4 0 4 46 124 5 0
 0 0 0 0 79 135 57 1 1 1 0 1 61 67 12 46 60 0 0 5
 40 28 25 54 47 0 0 0
42.391785 185.552829 1.639179 -2.457494
 2 1 0 0 0 68 141 36 2 1 2 1 2 59 141 90 0 0 1 1
 4 141 141 4 3 0 0 0 0 55 67 31 33 81 0 0 6 45 79 17
 11 10 41 35 52 48 71 44 54 14 28 17 14 141 110 13 5 0 0 0
 0 124 141 19 84 38 0 0 4 10 20 55 20 4 3 6 57 99 29 13
 90 10 2 2 5 25 55 43 23 13 2 0 0 23 42 9 7 4 15 6
 0 3 14 23 2 17 39 1 1 16 14 3 2 15 15 13 9 6 31 9
 6 28 17 21 6 0 1 1
42.391785 185.552829 1.639179 1.115864
 4 22 22 7 18 9 1 0 2 9 16 13 14 12 11 14 3 24 17 2
 6 39 6 7 0 0 0 0 1 36 22 0 13 139 81 6 6 0 0 0
 8 58 34 83 62 4 3 2 86 80 29 20 7 5 3 9 12 10 22 51
 10 13 5 0 65 139 59 9 0 0 0 0 96 139 31 23 22 23 46 17
 77 32 30 15 20 14 32 41 9 16 18 59 105 22 0 1 24 84 6 3
 0 0 0 0 38 139 139 5 0 1 2 1 6 139 139 10 4 3 1 1
 4 80 52 43 73 26 0 0
11.978753 92.430639 1.598548 -0.611273
 5 0 0 50 129 5 0 2 129 1 0 8 24 0 0 77 123 19 0 0
 0 0 0 63 15 16 9 18 0 0 0 2 25 3 1 100 129 0 0 1
 129 13 1 5 8 0 0 27 97 45 27 0 0 0 0 10 5 13 39 22
 0 0 8 60 34 2 1 49 129 5 7 22 129 32 1 1 1 0 6 82
 48 31 17 0 0 0 3 129 16 5 15 8 0 0 7 129 3 0 0 12
 54 20 73 70 28 2 0 0 0 0 34 129 28 14 8 3 0 0 3 93
 7 8 36 85 0 0 0 10
184.852537 198.926071 1.593424 1.795431
 1 24 71 14 13 1 7 2 4 44 93 4 1 12 14 3 0 9 34 37
 14 19 11 2 5 34 23 9 8 8 6 5 16 25 37 47 79 12 0 0
 126 63 28 8 6 1 36 53 19 5 13 14 5 54 126 31 7 16 7 4
 2 44 126 22 13 16 77 55 13 1 113 78 126 37 4 7 1 1 79 126
 98 1 0 0 0 13 77 52 1 0 0 0 0 42 109 11 0 0 0 2
 5 14 126 105 20 0 0 0 1 35 126 90 15 0 0 0 0 2 21 47
 1 0 0 0 0 0 10 75
187.914593 63.458267 1.586783 2.872267
 0 0 1 11 45 24 0 0 79 7 0 11 53 5 0 10 144 16 4 1
 10 51 12 29 0 63 24 2 21 74 2 0 0 0 0 2 90 54 0 0
 74 35 4 19 85 17 0 1 161 64 1 1 3 34 9 21 17 10 2 0
 18 161 13 7 0 0 0 0 63 61 0 0 71 3 0 1 95 96 3 12
 161 9 0 0 3 8 8 53 39 0 0 0 0 105 44 24 0 9 1 0
 13 26 0 0 31 1 0 0 50 106 2 3 161 24 0 0 5 16 5 21
 77 3 0 0 0 34 39 21
205.476623 195.406742 1.585247 -2.436155
 42 0 0 0 0 0 1 60 141 10 0 0 0 0 0 141 141 32 0 0
 7 9 3 16 32 0 0 0 3 6 6 71 73 0 0 0 0 2 22 141
 129 8 0 0 13 5 7 141 141 38 0 0 1 0 1 9 88 28 0 0
 0 0 2 27 10 0 0 4 20 5 82 141 52 0 0 4 53 17 22 51
 141 12 0 0 0 0 2 22 60 48 0 0 0 0 0 1 17 29 21 8
 11 2 14 37 23 0 0 4 25 24 44 31 137 8 0 0 2 4 4 29
 54 10 0 0 0 0 0 4
70.335513 167.201945 1.584400 -0.439288
 0 0 0 39 30 38 59 1 29 23 0 1 0 35 22 8 34 46 4 5
 6 34 20 29 0 0 16 14 12 40 24 1 0 0 0 0 61 124 88 13
 27 1 0 0 30 124 35 20 124 9 0 1 35 59 37 101 7 0 10 11
 124 89 14 7 1 0 0 39 124 26 8 13 21 2 0 0 121 82 10 12
 124 43 2 17 79 16 1 8 16 7 1 40 124 11 0 0 8 19 7 67
 28 2 2 5 14 11 1 0 121 32 1 7 98 16 5 35 68 11 1 15
 6 2 1 66 124 0 0 0
120.373438 109.229343 1.581028 -2.546947
 24 58 12 0 0 0 0 0 63 34 11 0 0 0 0 0 138 11 0 0
 0 0 1 12 21 0 0 0 0 7 17 10 64 83 1 0 0 0 0 0
 113 45 2 0 0 0 0 0 138 9 0 0 0 0 0 11 34 1 10 4
 0 0 4 8 71 80 1 0 10 10 0 0 132 71 5 0 0 0 0 1
 138 62 82 31 0 0 0 5 13 7 138 116 0 0 0 0 51 32 0 0
 37 43 0 0 53 61 20 15 0 0 0 0 22 46 138 138 0 0 0 0
 0 20 138 105 0 0 0 0
85.014452 124.940774 1.562807 0.138634
 6 0 0 0 11 21 28 14 122 0 0 0 3 3 19 112 33 0 0 0
 0 44 122 73 0 0 0 0 0 122 101 5 19 1 0 3 111 42 22 5
 122 32 2 1 17 3 0 49 82 30 25 0 0 6 14 29 0 8 9 0
 0 68 33 0 9 2 0 1 104 122 4 0 112 122 20 0 10 44 15 5
 22 122 122 0 0 0 1 4 31 93 51 0 0 1 1 4 0 1 15 7
 32 97 2 0 4 10 2 1 9 85 45 6 18 22 18 0 0 2 26 55
 73 26 6 0 0 0 0 55
12.851483 43.841854 1.545477 -1.518147
 5 133 31 0 0 0 0 0 52 147 8 0 0 0 1 5 20 147 1 0
 0 0 6 7 1 16 1 0 0 4 5 2 46 11 0 0 0 0 0 6
 147 72 0 0 0 0 5 86 49 147 13 0 0 10 25 36 2 147 28 0
 0 3 5 0 54 6 0 0 0 0 0 1 147 73 0 0 0 0 2 17
 100 32 1 0 0 20 57 30 2 70 15 0 4 45 39 3 17 7 0 0
 0 0 0 0 147 71 0 0 0 0 0 3 141 73 8 3 0 1 3 7
 2 7 19 26 9 20 4 1
64.853489 159.587007 1.535861 -2.341202
 17 9 24 33 5 0 0 11 54 7 23 4 0 0 3 85 14 10 6 0
 0 0 38 81 1 3 8 15 9 7 28 18 50 8 2 4 0 9 15 9
 118 22 0 0 0 0 11 104 25 21 10 0 0 1 118 111 0 5 9 2
 2 54 118 7 15 1 0 0 0 72 118 8 110 97 18 0 0 58 80 25
 16 118 118 2 0 5 17 14 1 60 118 4 0 9 12 0 1 3 1 0
 3 41 87 7 0 6 2 0 7 118 92 1 0 17 34 3 1 56 118 6
 8 37 54 7 2 78 64 1
64.853489 159.587007 1.535861 -1.267766
 0 0 0 14 119 72 0 0 0 2 0 1 43 23 17 34 8 9 6 0
 0 2 73 39 30 76 4 0 0 11 39 9 1 0 0 18 119 99 3 4
 36 0 0 1 57 43 86 119 6 0 0 0 0 73 119 72 8 5 0 0
 0 66 68 12 7 0 0 25 119 49 1 2 119 33 0 1 45 22 12 45
 60 16 0 0 24 119 35 16 10 6 6 2 45 82 7 2 2 0 0 1
 95 69 3 0 89 89 4 5 84 25 0 3 101 63 0 0 38 16 0 2
 1 1 5 5 119 30 2 3
205.460136 59.388814 1.533648 2.693643
 0 14 11 6 0 0 0 0 0 10 7 97 73 0 0 0 5 21 9 118
 101 2 17 10 44 49 2 1 0 1 12 5 0 6 24 22 4 0 0 0
 14 3 8 126 120 0 0 4 115 5 0 52 52 18 101 126 36 16 0 0
 0 126 126 29 0 0 15 31 20 0 0 0 37 4 0 52 126 9 0 1
 126 86 2 5 24 7 8 26 36 54 21 2 9 111 27 7 0 0 3 26
 12 3 0 0 13 1 0 12 109 28 0 1 126 45 3 0 20 13 2 10
 24 59 51 2 5 20 4 4
205.460136 59.388814 1.533648 -0.815192
 1 11 13 7 84 90 11 1 36 86 2 1 43 47 0 1 61 45 0 0
 0 0 0 14 6 0 0 0 0 0 5 19 1 12 7 1 31 115 88 4
 39 35 0 1 135 135 6 0 135 61 0 0 10 9 0 19 18 0 0 0
 0 0 12 30 1 80 135 21 21 29 9 1 40 9 86 127 135 76 1 3
 135 6 1 11 25 8 3 49 22 0 0 0 0 8 17 24 0 15 59 11
 30 78 2 0 42 4 46 59 11 46 18 10 135 4 1 5 1 2 6 25
 26 0 0 0 0 9 15 7
141.906738 77.697158 1.490769 -2.918455
 68 67 8 10 67 30 0 1 30 48 19 93 59 0 0 0 82 40 3 10
 37 5 0 0 4 2 0 3 131 19 0 0 37 18 3 14 98 7 0 5
 45 30 12 78 83 0 0 2 131 49 6 9 22 8 0 10 15 1 0 2
 131 52 0 2 22 14 2 12 89 14 0 2 68 15 4 49 119 0 0 2
 131 13 1 4 15 5 0 25 18 1 0 1 131 77 1 5 8 0 2 37
 105 18 0 1 77 20 16 120 39 0 0 0 131 22 3 6 4 1 0 12
 11 2 3 9 79 34 0 2
172.260026 195.960517 1.451684 0.533938
 16 8 5 98 40 0 0 3 47 5 0 2 26 23 4 23 132 0 0 0
 2 5 45 132 89 0 0 0 0 0 38 132 14 2 2 31 9 6 37 59
 69 5 1 4 36 10 8 37 132 24 0 0 2 0 2 45 132 7 0 0
 0 0 1 41 12 5 23 43 6 3 23 17 48 4 10 8 16 4 24 132
 132 19 0 0 0 0 10 132 132 61 0 0 0 0 0 3 33 3 5 20
 16 15 5 39 121 2 1 0 0 0 2 130 35 14 0 0 0 0 1 44
 59 74 0 0 0 0 0 0
128.350488 178.191328 1.431584 -1.891304
 35 87 20 0 0 0 0 8 95 135 8 0 0 0 0 4 48 35 6 15
 13 50 21 8 0 0 16 22 7 59 81 0 6 46 9 0 0 0 0 0
 91 135 11 0 0 0 0 1 135 135 3 1 0 10 18 40 7 1 17 10
 0 22 107 21 1 3 1 1 0 0 0 0 135 30 1 0 0 0 0 12
 135 52 33 44 0 0 3 36 8 4 117 121 0 0 14 11 3 0 0 0
 0 0 0 3 135 3 0 0 0 0 0 47 135 27 18 28 1 1 25 47
 0 1 14 37 1 1 57 51
83.347145 116.352666 1.415597 -2.998799
 1 45 24 5 43 96 19 0 82 138 10 0 8 4 0 0 58 100 1 0
 0 0 0 0 9 23 5 0 0 0 1 2 8 2 0 25 138 74 10 1
 138 50 5 3 45 5 0 22 95 89 102 11 0 0 0 3 1 42 138 7
 0 0 0 0 9 1 2 94 138 0 0 1 100 52 37 19 30 0 0 7
 12 18 138 79 0 0 0 0 0 14 138 24 0 0 0 0 0 5 41 95
 54 0 1 1 6 14 30 21 4 0 1 3 0 0 24 43 0 0 0 0
 0 4 19 11 0 0 0 0
9.207365 42.840694 1.401760 -1.481367
 1 7 3 0 0 0 0 0 15 90 12 0 0 0 0 5 86 161 2 0
 0 0 4 42 25 161 3 0 0 0 6 8 4 0 0 0 0 0 0 0
 81 3 0 0 0 0 0 13 161 23 0 0 0 4 28 121 37 150 12 0
 0 52 54 29 3 0 0 0 0 0 1 2 85 11 0 0 0 0 0 2
 161 101 0 0 0 0 1 9 88 24 0 0 0 32 43 27 0 2 0 0
 0 0 0 1 27 11 0 0 0 0 0 1 161 82 1 0 0 0 0 22
 132 48 18 2 0 0 2 14
6.253867 164.910227 1.352524 2.487427
 12 6 7 0 0 5 119 103 3 4 4 0 1 29 119 50 19 14 5 9
 11 15 25 28 81 35 4 3 0 0 0 34 23 47 56 12 38 22 20 26
 81 87 36 1 7 50 29 12 22 12 5 21 53 119 53 9 119 36 5 7
 6 18 39 67 50 119 10 1 29 55 60 12 119 36 9 4 4 19 79 94
 37 25 22 10 6 74 72 31 35 9 0 0 0 13 83 106 56 119 47 0
 0 3 10 2 77 119 33 5 8 7 18 19 13 33 22 14 22 20 1 5
 4 11 1 0 0 0 0 4
6.253867 164.910227 1.352524 0.287398
 0 12 106 101 1 0 0 0 19 105 93 32 5 0 0 0 7 9 9 18
 48 16 7 10 8 1 6 24 5 2 2 10 9 9 38 118 41 9 17 12
 118 87 30 33 7 4 14 42 33 32 60 52 25 25 16 10 6 20 24 96
 118 11 6 10 19 28 30 15 11 4 11 12 99 27 8 43 31 7 8 37
 38 60 66 118 49 13 2 16 41 67 20 67 118 11 0 10 8 75 49 5
 0 0 0 0 28 118 45 6 32 15 0 1 17 23 24 25 55 43 13 46
 17 3 15 118 118 0 0 25
140.418945 132.544655 1.346674 2.399345
 15 5 8 67 123 10 0 8 80 36 19 18 13 12 8 55 9 3 1 3
 14 32 5 6 8 6 9 2 0 0 0 2 28 13 4 91 123 1 0 3
 123 60 2 3 9 18 5 32 31 6 2 3 60 114 5 8 1 18 31 15
 31 16 0 0 37 5 7 123 47 6 7 18 123 118 6 2 1 2 1 28
 56 80 0 0 65 92 1 2 2 22 5 8 123 80 0 0 5 0 0 7
 8 39 67 24 53 81 17 11 16 15 4 11 123 96 5 1 16 25 1 6
 7 3 1 1 123 92 0 1
46.371719 188.966258 1.340098 1.741042
 20 14 33 6 0 0 0 6 148 83 19 3 0 0 0 17 100 25 28 68
 4 2 0 6 22 31 32 43 1 0 0 3 32 3 5 2 0 0 1 3
 148 32 2 1 0 4 7 81 79 18 17 34 32 94 28 43 32 7 10 12
 5 17 17 95 18 7 1 1 0 0 0 0 148 148 14 0 0 1 0 9
 68 148 75 16 16 27 8 12 31 11 6 25 16 7 10 49 1 1 0 0
 0 0 0 0 33 89 3 0 0 0 0 0 148 148 14 0 0 0 0 7
 68 24 6 37 50 0 0 8
129.475125 163.199903 1.336426 0.039443
 57 15 19 25 2 15 7 32 53 8 2 2 42 89 7 26 2 0 0 0
 19 120 111 8 0 0 0 0 0 58 101 0 40 3 2 2 14 120 42 50
 47 7 5 26 34 11 4 25 114 11 1 7 30 51 80 32 7 5 2 15
 82 103 73 3 1 1 1 7 120 120 3 0 38 4 11 19 53 67 0 8
 120 9 2 13 46 1 0 23 12 12 3 24 120 9 0 0 0 0 6 55
 120 43 0 0 32 0 2 13 99 84 1 21 68 0 0 3 41 4 0 39
 3 0 0 14 98 20 0 1
174.127751 44.188230 1.325558 0.876641
 0 0 6 12 10 0 0 0 14 59 29 30 27 0 0 0 85 139 10 4
 2 0 0 0 8 17 2 0 0 0 0 0 0 0 2 25 13 0 0 0
 30 32 11 129 122 0 0 1 139 139 8 23 13 0 0 3 52 37 0 0
 0 0 0 0 0 1 3 89 32 0 0 0 80 4 1 139 128 0 0 27
 139 21 1 11 6 0 0 72 82 29 0 0 0 0 0 1 2 13 10 86
 47 0 0 0 121 0 0 58 70 0 0 54 139 6 0 0 0 0 0 68
 65 12 0 0 0 0 0 0
148.876522 127.406952 1.325062 -2.779722
 0 0 15 96 22 0 0 0 0 0 7 118 52 2 0 0 55 2 1 64
 63 16 6 70 87 33 1 0 0 1 2 78 3 12 118 118 3 0 16 8
 52 49 93 86 19 6 33 22 41 15 27 52 22 5 40 69 55 118 47 10
 2 0 0 7 12 5 48 23 6 8 118 118 73 27 24 17 15 15 82 50
 10 8 29 65 73 22 5 3 59 118 37 20 55 35 0 0 4 0 0 64
 38 6 44 68 2 1 4 44 25 4 9 7 0 0 4 4 12 24 19 7
 32 38 0 0 58 117 8 2
148.876522 127.406952 1.325062 2.102008
 11 121 55 9 0 6 11 6 0 31 69 82 21 5 0 0 0 0 106 121
 35 20 33 7 1 1 114 66 0 2 79 53 5 40 13 0 10 109 63 9
 52 71 28 12 23 55 12 9 7 4 8 14 37 79 66 11 17 2 0 0
 3 4 48 39 0 0 0 1 36 121 11 0 38 27 60 63 110 57 8 10
 60 42 55 18 19 22 12 22 12 5 1 1 6 28 6 1 0 0 0 0
 76 83 4 0 42 19 4 18 121 57 0 5 121 110 3 2 10 19 12 24
 20 11 1 1 5 104 16 3
197.465731 111.700844 1.310094 0.626099
 0 0 0 0 14 16 6 0 7 0 0 9 58 10 2 0 152 7 0 5
 12 0 0 14 152 49 3 0 0 0 0 3 0 0 0 2 23 15 6 0
 20 2 0 31 111 3 0 0 152 9 0 6 12 0 0 17 152 49 1 0
 0 0 0 6 0 0 0 12 47 9 1 0 36 4 2 64 117 0 0 0
 152 14 1 9 8 0 0 8 152 64 1 3 2 0 0 1 0 0 0 19
 72 2 0 0 54 3 1 48 99 0 0 2 152 10 1 4 17 0 0 7
 152 65 1 3 15 0 0 0
76.922805 164.647954 1.298144 2.815797
 10 0 0 0 0 0 3 58 22 0 0 1 8 9 47 102 131 13 6 4
 8 2 8 30 17 22 72 19 14 0 0 0 107 0 0 2 6 0 3 128
 49 5 1 55 108 13 21 74 131 21 2 17 33 5 1 4 16 8 12 12
 50 31 15 2 131 0 0 2 40 6 2 111 48 1 0 34 131 17 3 23
 131 10 1 11 14 5 1 8 31 2 1 38 20 12 5 27 131 12 1 3
 63 4 1 37 25 8 2 20 131 7 0 4 131 38 4 18 12 0 0 1
 88 6 2 26 10 0 0 31
137.094958 54.370671 1.297215 -2.855967
 40 9 0 7 31 0 0 0 146 6 0 4 27 0 0 22 146 57 0 0
 0 0 1 19 16 32 1 0 0 0 3 6 48 3 0 3 24 12 2 12
 146 8 0 1 16 8 1 39 146 93 0 0 0 0 0 3 27 85 0 0
 0 0 0 0 59 0 0 0 17 31 7 33 146 39 0 0 10 19 3 31
 116 114 2 0 0 0 0 4 20 119 7 0 0 0 1 2 70 37 7 6
 38 21 1 13 53 130 12 11 36 27 1 3 77 146 62 2 0 0 5 15
 16 45 91 0 0 0 16 18
38.748481 187.372400 1.290939 1.058958
 4 29 46 17 14 2 2 6 6 50 27 1 5 33 7 0 1 2 0 1
 2 56 28 1 0 0 0 1 1 8 29 8 14 32 34 82 85 3 1 2
 117 105 24 11 3 1 1 7 24 7 21 91 25 11 3 0 4 48 78 47
 5 3 2 1 38 29 6 30 43 50 99 29 117 18 4 8 13 16 36 55
 23 6 7 81 117 38 0 1 15 96 48 56 69 18 0 0 41 117 117 32
 8 17 26 8 20 117 117 49 10 10 10 5 23 96 15 7 91 81 0 0
 4 11 4 35 98 76 2 0
159.568280 188.564192 1.283453 -2.491737
 0 20 17 109 122 4 0 0 3 65 58 94 68 3 0 0 97 22 4 45
 47 2 1 30 53 2 0 1 41 6 2 37 0 1 1 79 122 29 0 0
 23 14 16 54 110 38 0 2 122 22 6 30 28 3 1 31 118 2 1 15
 43 3 0 52 11 9 14 61 83 8 0 0 30 1 0 4 122 59 2 7
 122 19 3 11 15 10 2 22 122 3 1 12 6 0 0 92 50 18 16 9
 25 2 2 9 10 0 0 0 94 35 4 5 103 4 0 0 6 10 5 44
 112 1 0 5 0 0 0 61
6.617440 171.480082 1.281484 -2.955070
 23 0 0 75 91 10 0 16 134 0 0 6 7 1 16 134 54 9 4 28
 14 5 33 110 22 26 4 5 3 58 39 7 55 0 0 11 96 52 2 30
 134 11 0 1 7 9 3 131 70 10 2 40 66 61 15 45 68 29 2 8
 15 12 10 61 72 11 4 53 49 5 0 33 134 47 0 0 1 5 2 95
 102 21 3 2 11 76 56 41 6 4 3 2 37 22 38 75 59 12 2 21
 3 0 0 3 113 8 0 0 0 0 4 106 36 10 10 19 17 2 7 40
 30 17 8 6 12 16 10 10
123.043358 160.671588 1.266666 -2.587837
 35 128 19 0 0 0 0 6 27 127 39 58 26 0 1 11 3 1 2 33
 22 3 14 36 128 20 2 7 5 4 7 14 34 77 4 0 0 0 0 0
 128 112 12 10 1 0 0 9 31 4 23 128 12 0 3 22 128 126 35 66
 4 0 2 1 50 9 1 2 0 0 0 0 128 32 1 9 14 13 2 10
 29 6 6 85 67 70 30 9 54 64 5 16 3 7 58 17 16 8 1 0
 0 1 0 0 101 128 38 1 2 7 1 3 10 57 128 18 14 48 15 3
 3 29 55 2 2 10 25 5
87.532539 96.029530 1.265411 0.441560
 27 117 18 15 33 4 0 0 3 7 6 7 47 76 16 4 17 0 0 0
 3 46 27 34 5 0 0 0 0 42 48 12 24 99 15 1 1 0 0 0
 141 41 11 1 2 54 34 40 57 0 0 0 1 141 73 55 45 0 0 0
 0 92 69 52 47 13 0 0 0 0 0 2 141 37 0 0 0 9 8 18
 96 6 0 0 0 124 100 47 15 0 0 0 0 44 127 112 26 6 1 0
 0 0 0 1 141 46 0 0 0 0 0 0 141 16 0 0 0 1 12 27
 28 1 0 0 0 2 27 49
107.668169 104.522093 1.261888 -0.056748
 13 72 1 0 0 0 0 0 36 152 27 0 0 0 0 4 0 152 102 1
 1 0 0 0 0 72 39 2 4 10 8 1 32 6 1 0 0 0 0 0
 131 41 6 0 0 11 12 23 8 152 87 0 2 64 14 6 0 152 138 0
 1 9 0 0 34 1 0 0 0 0 0 1 152 2 0 0 0 4 3 14
 33 5 3 0 5 106 11 7 0 80 38 0 2 104 15 0 28 0 0 0
 0 0 1 5 152 0 0 0 0 0 6 51 22 0 0 0 0 37 32 24
 0 0 0 0 0 63 27 3
161.589347 66.080537 1.258981 -2.785274
 16 4 3 0 3 2 1 2 95 9 0 0 2 1 0 3 34 1 0 9
 85 21 0 9 145 25 0 3 18 4 0 63 16 10 1 2 8 1 0 1
 132 13 0 2 5 0 0 5 56 1 0 16 86 7 3 61 145 13 0 0
 11 2 2 145 16 5 0 3 13 1 0 1 138 12 0 5 11 0 0 5
 145 5 1 20 44 0 0 47 145 0 0 0 0 0 1 127 19 0 0 3
 3 0 0 2 97 3 0 6 17 0 0 12 145 3 0 13 40 0 0 25
 145 1 0 0 0 0 0 61
40.718424 196.058814 1.258321 2.435511
 12 0 0 0 0 0 0 7 131 32 0 0 0 0 0 46 129 65 12 7
 12 4 6 43 2 1 4 4 15 15 66 17 48 3 0 0 0 0 0 16
 131 11 2 0 0 0 3 131 72 8 19 51 0 0 10 131 2 13 78 58
 0 0 9 8 70 10 0 0 0 0 0 2 131 131 47 2 0 0 0 19
 21 58 120 110 2 0 1 9 9 13 55 70 2 0 1 29 12 12 1 0
 0 0 0 1 22 127 41 0 0 0 0 7 33 108 58 6 1 0 0 60
 16 6 4 3 1 0 5 131
68.432015 125.719864 1.255120 1.684653
 21 4 0 11 44 47 6 0 159 26 0 1 3 1 0 30 66 15 0 1
 2 1 4 40 2 1 0 3 12 5 8 2 25 1 0 10 159 90 5 3
 159 12 0 0 13 4 1 59 86 1 0 0 0 15 32 48 0 0 0 0
 2 18 28 7 21 2 0 94 159 2 0 0 159 49 0 2 10 0 0 13
 150 13 0 0 0 18 23 23 0 0 0 0 1 44 26 1 9 1 0 45
 46 25 12 1 159 19 0 1 3 1 0 13 157 4 0 0 0 3 14 31
 0 0 0 0 0 30 14 0
133.865699 139.817303 1.252021 -0.169118
 106 2 0 1 8 0 0 100 9 0 0 18 126 29 5 19 111 3 1 4
 45 19 9 92 77 0 0 0 0 1 11 52 79 0 0 57 21 0 0 61
 13 9 19 126 89 7 1 6 126 45 20 36 11 4 1 28 95 21 5 0
 0 0 0 14 44 3 1 70 106 4 0 8 22 2 4 110 117 32 18 23
 126 75 3 6 1 1 6 33 37 83 27 3 0 0 0 0 21 0 0 32
 106 9 0 3 4 2 12 47 72 17 3 3 31 88 29 6 0 0 1 4
 4 67 83 17 0 0 4 5
133.865699 139.817303 1.252021 2.258013
 22 2 1 25 16 10 22 21 51 88 16 3 2 1 1 10 67 125 7 0
 4 19 1 1 11 5 0 0 71 112 1 0 1 0 0 0 2 48 120 26
 16 23 14 16 46 101 22 7 125 93 13 8 9 9 2 16 59 12 0 0
 78 64 0 1 2 0 0 0 0 43 88 27 8 0 0 0 40 125 46 9
 125 76 13 4 21 68 24 35 34 125 9 1 37 19 0 0 1 0 0 0
 0 11 19 28 0 0 0 0 43 111 9 0 1 28 12 9 111 110 3 0
 47 125 11 5 25 17 0 1
174.517568 153.938000 1.232430 -0.528878
 15 0 0 0 162 126 0 3 151 0 0 0 25 15 0 36 25 0 0 4
 51 22 2 11 25 13 1 2 6 3 1 5 12 0 0 1 162 82 0 3
 162 3 0 2 70 18 1 17 29 2 0 25 85 1 0 1 20 22 1 6
 13 0 0 0 9 0 0 19 162 7 0 1 156 8 0 7 97 2 0 12
 20 2 0 24 80 0 0 0 11 12 1 3 11 0 0 0 10 0 0 23
 162 0 0 1 102 2 0 8 66 0 0 11 8 1 0 21 49 0 0 0
 8 2 0 1 5 0 0 1
187.507853 89.429008 1.227923 0.439846
 35 7 0 1 23 10 1 3 57 5 1 11 36 38 5 7 173 6 0 2
 12 7 2 32 13 0 0 0 47 14 2 15 55 2 0 9 56 3 0 14
 89 19 4 56 105 1 0 4 173 29 2 7 21 18 3 32 22 0 0 2
 56 58 5 16 29 4 2 12 50 9 0 12 91 7 1 36 127 2 0 7
 173 27 0 1 19 15 2 31 41 1 0 5 112 67 3 8 6 3 1 5
 64 24 0 0 49 15 1 20 88 2 0 0 173 51 0 2 13 5 0 6
 65 1 0 0 112 51 4 5
212.668276 198.656107 1.220825 -2.319990
 139 1 2 7 0 0 0 31 156 10 0 0 6 0 0 27 41 3 0 22
 77 1 0 1 0 0 0 6 11 1 4 9 124 0 0 0 0 0 1 156
 156 12 0 0 7 0 0 65 61 4 0 3 97 15 5 18 12 0 0 0
 8 4 15 93 61 1 0 1 7 2 9 156 156 28 0 0 7 1 3 29
 82 8 0 0 35 21 5 29 37 0 0 0 1 2 11 85 23 0 0 12
 28 3 4 56 156 5 0 2 6 0 0 16 89 5 0 0 1 3 3 15
 54 16 0 0 0 0 4 24
79.366857 167.136629 1.218936 2.377114
 6 3 1 0 0 0 0 3 48 5 0 0 0 1 5 75 113 82 1 0
 3 6 10 40 35 50 14 20 26 20 2 0 25 1 0 0 0 0 0 8
 130 3 0 0 8 11 9 114 51 55 3 5 113 48 15 37 80 128 2 2
 14 11 4 0 30 9 1 0 0 0 0 1 130 47 0 0 14 8 1 12
 74 15 0 1 130 108 3 7 88 106 1 1 21 23 2 1 11 3 0 0
 0 0 1 1 130 78 0 0 0 3 1 3 119 38 0 0 88 130 5 7
 16 44 3 3 65 60 0 0
70.794767 171.478145 1.213301 -0.389975
 20 34 0 0 4 18 3 8 23 81 14 9 9 24 14 25 0 10 37 18
 12 37 31 2 0 3 32 7 4 42 17 0 36 1 0 0 33 67 8 32
 143 9 1 1 14 53 67 133 7 3 21 9 144 148 37 11 0 2 51 11
 24 6 0 0 44 1 0 0 91 59 5 15 148 26 0 6 49 13 4 22
 36 6 0 24 148 42 2 3 0 0 0 4 60 3 0 0 22 6 0 3
 119 15 0 3 148 33 3 23 35 0 0 8 20 8 2 85 148 0 0 0
 0 0 0 7 32 0 0 0
70.794767 171.478145 1.213301 2.854307
 16 0 0 0 0 0 0 6 142 0 0 0 8 3 1 115 47 0 0 18
 142 14 4 48 102 2 0 8 42 5 1 11 45 2 0 0 0 0 2 8
 142 28 2 4 27 1 0 61 59 10 4 41 142 4 1 15 107 32 4 19
 45 0 0 1 23 6 0 0 0 9 60 9 142 142 37 14 7 6 20 11
 17 48 65 142 136 3 1 1 57 62 8 32 30 0 0 0 4 51 17 0
 0 7 23 4 17 41 26 2 1 16 30 18 7 14 15 33 36 79 8 5
 11 29 5 8 13 14 0 0
12.651076 166.158880 1.207293 1.205629
 43 39 18 4 0 0 0 5 70 35 2 0 0 0 0 21 13 3 3 3
 3 19 39 50 21 8 6 1 2 10 43 110 51 92 18 3 1 0 0 4
 126 50 1 5 1 0 1 44 34 7 46 79 14 0 14 52 25 72 108 15
 1 0 5 24 68 67 12 6 2 0 0 37 126 59 9 13 5 0 0 35
 21 18 20 83 45 19 50 7 51 23 44 26 2 4 43 69 51 123 39 2
 0 1 2 22 46 104 126 4 0 0 0 19 5 113 126 40 1 3 21 4
 2 3 126 117 0 0 14 10
143.107138 185.530259 1.205075 -0.123276
 20 3 3 116 124 0 0 0 124 54 16 27 20 0 0 3 33 24 91 92
 0 0 0 3 2 0 57 100 9 0 16 34 24 0 0 36 124 12 1 7
 124 23 6 8 17 10 2 24 48 12 29 58 28 53 9 18 105 37 9 11
 0 4 32 124 8 0 0 7 124 58 13 6 124 10 0 0 4 15 18 32
 51 8 0 2 15 78 15 11 79 124 12 12 14 21 3 6 0 0 0 0
 81 89 11 2 52 18 1 2 2 5 17 17 49 34 0 7 44 32 4 7
 10 41 22 35 56 53 13 16
163.000843 83.827364 1.203183 0.527698
 107 3 0 0 0 0 0 9 52 3 1 54 97 0 0 5 130 14 4 28
 34 0 0 21 99 9 3 55 130 0 0 11 117 10 1 5 3 0 0 8
 47 9 4 82 124 0 0 4 130 36 4 14 28 0 0 18 48 34 17 98
 130 0 0 0 80 4 1 5 11 0 0 12 30 2 1 26 119 6 0 7
 130 34 4 4 11 2 0 13 15 22 13 84 130 1 0 1 44 5 0 2
 7 2 0 3 16 0 0 4 56 15 1 7 74 2 0 2 8 2 1 21
 14 1 0 31 130 3 1 7
80.191254 85.464903 1.202829 -2.445562
 22 32 6 5 0 0 0 0 129 27 0 0 10 27 13 53 9 0 0 0
 139 117 12 16 0 0 0 1 28 9 0 0 52 4 2 2 0 0 0 8
 158 11 1 5 32 21 8 79 43 3 0 29 158 92 9 22 1 0 0 4
 68 4 0 2 49 13 0 1 1 0 0 3 158 119 25 49 25 0 0 6
 26 25 20 158 158 2 0 1 1 0 0 11 36 2 5 2 17 9 0 1
 8 28 0 0 52 71 38 40 2 0 0 0 1 7 20 110 28 0 3 15
 0 0 0 5 10 5 9 16
80.191254 85.464903 1.202829 0.551712
 13 4 6 27 3 0 0 6 40 0 0 10 3 17 25 103 1 0 0 0
 45 86 26 22 4 30 2 0 7 7 0 1 42 3 5 4 1 0 0 9
 153 7 0 0 26 39 22 144 24 1 0 1 153 153 20 30 0 0 0 2
 39 14 0 0 49 9 0 2 2 0 0 1 153 141 8 10 33 5 0 13
 37 39 10 35 153 40 1 3 1 0 0 2 65 14 2 2 13 6 0 1
 0 0 0 0 104 140 8 6 2 0 0 0 17 61 18 39 110 22 1 0
 0 0 0 0 29 55 6 4
78.906470 160.419680 1.201950 2.849097
 18 0 0 0 0 0 20 46 138 6 0 0 0 0 8 60 121 40 27 1
 0 0 0 5 2 12 35 49 5 0 0 0 12 0 0 5 22 16 69 134
 138 12 3 6 16 7 18 52 62 33 106 39 46 2 0 4 14 43 111 40
 5 2 1 1 35 3 1 74 119 9 12 57 138 20 2 27 34 3 0 8
 49 6 5 16 81 47 19 2 12 27 34 9 22 25 23 51 23 0 0 26
 138 12 2 14 138 5 1 8 13 4 1 15 44 3 1 52 20 12 3 16
 31 0 0 10 12 7 14 138
118.463742 148.654846 1.198234 -2.786990
 0 1 25 9 7 24 41 20 27 60 22 2 2 13 21 9 133 140 16 2
 0 1 0 0 13 54 44 116 11 2 5 4 0 11 140 29 2 4 3 0
 36 71 140 3 2 2 1 1 140 96 20 1 0 0 0 3 85 35 11 15
 7 3 15 56 4 5 21 3 0 0 0 2 116 22 15 0 0 0 0 30
 140 32 1 0 0 0 0 29 140 37 21 11 0 0 0 17 5 2 0 0
 0 0 0 1 133 8 0 0 0 0 0 14 140 12 8 2 0 0 0 29
 47 13 55 51 0 0 0 7
30.233088 150.067349 1.196412 2.112273
 0 0 48 42 1 0 0 0 6 5 42 103 14 0 0 2 126 18 7 56
 9 0 7 51 69 35 0 0 0 0 17 50 0 0 39 55 5 0 0 0
 58 3 21 108 31 0 0 12 126 31 0 15 3 0 32 126 41 29 0 0
 0 6 126 44 0 1 53 38 7 0 0 0 81 14 18 32 19 0 3 54
 126 97 0 0 0 0 2 73 96 83 0 0 0 2 17 18 1 0 4 19
 17 0 0 0 126 15 4 5 7 1 8 89 112 16 1 0 0 0 70 126
 76 10 0 0 0 0 17 93
110.513931 140.996646 1.179523 2.117902
 0 0 2 3 91 37 0 0 79 0 0 0 96 45 0 7 175 0 0 0
 1 1 0 29 44 0 0 0 39 32 0 6 0 20 45 10 48 16 0 0
 90 4 3 3 139 55 0 2 175 16 0 0 5 3 0 6 60 3 1 0
 9 24 1 4 0 56 120 3 5 0 0 0 58 31 62 23 67 14 0 1
 175 57 2 1 6 2 0 1 61 18 7 0 0 1 0 0 0 21 61 0
 0 0 0 0 34 62 58 4 0 0 0 0 175 92 4 0 0 0 0 0
 67 16 0 1 1 0 0 0
194.949299 59.436833 1.170965 2.820811
 22 0 0 4 110 11 0 3 132 50 1 0 10 2 0 20 34 105 32 0
 1 2 0 2 0 22 18 2 25 59 0 0 23 0 1 6 101 20 0 3
 132 11 1 0 14 18 8 38 27 69 38 3 20 78 11 11 0 125 52 1
 9 14 0 0 13 1 1 12 65 10 0 1 132 37 0 1 15 9 3 9
 85 15 3 0 22 132 15 9 0 73 23 2 21 132 1 0 1 2 0 15
 53 7 0 0 132 104 3 8 18 0 0 0 132 45 0 0 0 38 11 9
 1 2 0 0 6 132 10 0
199.629171 47.134832 1.169709 -0.048099
 22 5 1 0 1 0 0 1 108 7 0 0 0 2 9 34 129 63 0 0
 0 8 14 11 41 19 0 0 8 70 2 1 46 5 1 0 0 0 0 2
 145 3 0 0 5 18 27 91 90 45 1 4 58 76 39 29 100 65 0 0
 4 18 5 3 56 1 0 0 0 0 0 0 145 16 1 9 18 3 1 10
 66 36 3 59 145 15 1 4 108 145 2 6 17 4 1 1 44 0 0 0
 1 0 0 2 145 6 0 12 19 0 0 7 28 6 1 47 134 4 0 0
 24 118 9 3 28 7 0 0
199.648563 201.545333 1.169241 3.012422
 5 5 1 2 1 0 1 1 123 105 0 0 0 0 0 0 106 73 0 0
 5 26 4 4 5 25 1 0 4 22 3 4 1 0 0 0 1 9 8 7
 117 34 0 0 0 0 6 23 137 53 0 0 5 22 6 30 15 3 0 0
 22 65 8 13 6 1 0 0 37 114 2 7 108 8 0 0 0 0 6 137
 137 38 0 0 3 10 29 123 33 20 4 8 31 36 2 4 3 3 0 0
 101 137 0 0 137 89 0 0 10 41 2 22 105 80 25 32 16 17 20 26
 14 17 54 62 11 3 1 1
97.766560 113.540249 1.161835 1.761258
 7 0 0 0 0 0 10 146 11 16 25 13 0 0 2 64 31 48 16 1
 0 0 1 8 14 7 0 0 0 0 2 18 26 1 0 3 14 5 3 53
 8 30 56 107 126 9 1 2 146 146 53 25 13 0 0 3 49 27 5 1
 0 0 0 0 53 22 1 0 28 10 2 11 28 5 2 15 146 57 4 17
 146 30 4 6 43 12 3 88 58 7 17 22 0 0 0 7 110 48 7 5
 26 1 0 2 40 1 0 13 146 14 0 15 146 13 14 16 23 5 0 54
 11 2 53 106 0 0 0 2
97.766560 113.540249 1.161835 -1.286184
 0 0 0 2 6 1 69 79 9 2 0 76 141 10 22 18 141 6 0 31
 50 1 0 33 43 0 0 10 111 24 3 12 0 0 0 9 53 6 18 14
 36 6 2 121 141 24 4 7 141 24 4 27 31 4 2 25 40 6 1 13
 58 22 1 1 0 0 0 2 56 24 3 0 11 0 0 5 141 141 54 28
 125 5 1 2 8 26 52 114 15 5 5 43 27 0 0 2 0 0 6 21
 15 5 0 0 0 0 1 10 30 43 16 2 1 0 8 74 8 12 22 13
 0 0 40 141 4 0 0 0
166.978147 167.035724 1.147296 -0.584718
 118 39 14 39 24 0 0 1 138 56 13 18 10 6 3 5 23 2 1 2
 52 39 4 4 0 37 20 9 30 6 0 0 120 11 2 35 104 6 2 42
 141 44 2 17 36 4 1 11 68 1 0 0 76 72 2 8 0 3 1 1
 54 62 3 0 66 1 0 3 141 45 7 54 141 6 0 2 39 11 3 74
 89 2 0 0 67 56 1 7 0 0 0 0 48 65 10 1 41 0 0 0
 117 65 8 37 141 12 0 0 14 13 5 53 81 13 0 0 26 36 2 5
 0 0 0 0 39 55 4 1
11.641501 201.671630 1.139086 -1.713631
 108 10 0 0 5 56 26 104 46 10 2 1 7 51 29 37 15 75 40 3
 6 41 20 2 25 110 41 0 0 1 4 5 71 42 0 4 76 91 12 10
 113 72 0 2 4 58 55 28 11 5 6 43 36 113 112 7 53 45 16 17
 5 16 25 22 22 9 0 2 20 113 72 24 113 31 3 8 22 22 27 81
 19 6 7 82 113 69 12 4 30 25 15 24 14 19 20 28 60 92 0 0
 0 90 37 5 25 35 7 0 4 100 41 13 8 14 5 1 62 76 14 9
 16 7 0 1 27 38 9 12
7.528013 191.349228 1.120214 -1.138773
 49 1 0 0 59 126 4 6 164 2 0 0 11 17 1 30 74 2 0 0
 95 65 3 8 38 30 2 10 34 17 10 34 35 31 36 17 161 114 3 9
 164 7 0 0 31 38 5 28 94 3 0 7 61 56 7 6 12 10 0 14
 52 37 24 22 28 36 11 3 22 40 29 18 164 9 0 2 10 25 10 64
 75 5 1 51 24 3 0 4 0 0 0 63 44 4 1 0 24 26 1 0
 10 57 43 18 135 6 5 5 5 13 10 48 25 3 11 57 18 0 0 2
 1 0 1 77 26 0 0 0
184.938375 51.588774 1.116023 0.527770
 1 22 18 28 59 0 0 0 49 10 0 7 152 8 0 0 152 62 0 0
 11 0 0 0 47 34 1 0 0 0 0 0 61 61 10 13 20 5 0 1
 50 3 0 5 152 28 0 0 152 25 0 0 21 3 0 4 82 19 0 0
 0 0 0 1 131 9 0 0 15 7 3 26 47 0 0 4 152 29 1 5
 152 10 0 0 27 3 0 12 60 23 2 0 0 0 0 1 81 0 0 1
 29 5 2 41 38 0 0 8 152 8 0 9 152 3 0 0 17 1 0 31
 27 11 6 15 0 0 0 2
184.938375 51.588774 1.116023 0.527770
 1 22 18 28 59 0 0 0 49 10 0 7 152 8 0 0 152 62 0 0
 11 0 0 0 47 34 1 0 0 0 0 0 61 61 10 13 20 5 0 1
 50 3 0 5 152 28 0 0 152 25 0 0 21 3 0 4 82 19 0 0
 0 0 0 1 131 9 0 0 15 7 3 26 47 0 0 4 152 29 1 5
 152 10 0 0 27 3 0 12 60 23 2 0 0 0 0 1 81 0 0 1
 29 5 2 41 38 0 0 8 152 8 0 9 152 3 0 0 17 1 0 31
 27 11 6 15 0 0 0 2
65.997821 142.455489 1.114900 1.448416
 25 16 0 0 9 31 81 33 79 131 7 0 10 18 7 2 23 63 13 0
 1 7 2 1 1 1 0 0 0 10 11 2 5 0 0 0 28 103 38 32
 45 110 13 1 74 117 0 1 131 131 19 0 3 4 2 30 18 1 0 0
 0 14 16 16 11 0 0 0 22 90 9 11 38 8 1 1 131 131 0 5
 131 63 0 1 21 23 1 24 34 7 0 0 4 23 3 5 19 3 0 0
 25 42 0 1 5 4 1 42 131 45 0 0 131 131 2 21 42 5 0 0
 53 59 0 0 3 10 1 0
65.997821 142.455489 1.114900 -1.218383
 16 9 0 0 0 0 0 1 9 3 0 49 132 0 0 0 34 1 0 28
 132 4 11 95 106 5 0 0 0 0 1 126 9 19 8 19 3 0 0 0
 12 4 6 132 132 5 0 0 132 5 1 65 69 1 1 48 113 13 0 0
 0 0 0 32 3 11 9 19 18 11 0 0 15 0 2 69 132 89 1 2
 132 18 0 10 43 19 1 8 80 41 11 20 0 0 0 0 7 10 0 1
 6 6 1 0 8 3 1 10 132 52 1 1 92 52 28 6 59 9 0 4
 17 34 66 55 0 0 0 3
135.213658 183.319511 1.112608 2.487692
 2 6 6 2 40 71 3 2 69 65 1 2 30 42 0 0 121 86 1 1
 4 11 3 4 63 87 0 0 22 43 0 0 30 5 2 0 15 59 17 57
 56 22 0 0 84 121 12 11 121 50 0 0 22 39 7 30 73 71 25 9
 39 41 2 3 22 1 3 9 13 18 9 85 11 6 8 10 45 121 31 27
 121 25 37 22 17 32 26 82 12 24 65 74 121 13 0 0 14 15 11 48
 100 7 5 36 17 68 25 52 48 5 1 1 5 33 50 59 61 3 1 3
 0 19 70 80 97 1 0 0
135.213658 183.319511 1.112608 -0.056218
 15 0 0 2 11 80 114 105 17 0 1 5 16 88 60 117 7 0 3 4
 25 44 46 68 0 0 0 9 99 18 25 65 51 2 1 41 86 30 15 29
 42 13 38 117 49 19 10 24 94 48 45 38 10 16 16 18 16 3 6 3
 39 26 38 72 27 6 2 60 111 1 1 5 55 8 8 117 117 0 0 12
 117 35 16 19 5 0 0 24 17 10 64 47 0 1 5 10 1 1 1 33
 117 3 1 0 46 1 0 41 100 3 1 14 115 20 15 13 4 4 1 15
 10 3 40 53 7 7 2 8
81.706827 124.155431 1.085333 -0.025776
 6 1 4 5 2 7 20 6 117 1 0 0 0 1 31 112 25 0 0 0
 0 11 142 60 0 0 0 0 0 64 142 0 26 5 5 4 26 30 6 1
 142 8 0 0 1 0 0 33 100 0 0 0 0 1 27 38 1 0 0 0
 0 14 47 5 24 3 0 0 112 22 3 0 142 37 0 0 5 0 0 2
 120 17 8 2 0 0 1 4 2 5 14 2 0 0 0 0 8 3 0 0
 96 38 1 0 135 128 10 0 4 7 2 0 37 101 133 6 0 0 0 0
 0 10 142 10 0 0 0 0
196.553542 191.471341 1.084205 0.337677
 70 9 0 22 85 0 0 1 111 1 0 26 109 0 0 29 70 1 0 60
 77 0 0 27 3 5 9 89 111 4 3 0 62 2 0 37 111 0 0 9
 111 9 1 34 105 0 0 18 59 5 1 89 111 2 1 6 5 0 1 37
 91 35 80 24 33 4 0 20 111 22 0 3 111 49 14 28 82 18 0 3
 38 19 15 110 52 0 0 3 83 5 0 23 46 10 19 32 19 4 0 0
 64 50 1 4 9 14 20 11 83 53 0 0 35 11 24 32 5 0 0 1
 99 11 4 36 59 6 0 11
137.818909 87.021602 1.080889 -2.977446
 3 12 48 75 133 10 0 0 88 58 2 28 133 3 0 0 11 8 1 5
 92 11 0 1 39 5 0 2 17 2 0 8 6 14 107 133 105 70 3 0
 133 52 7 63 46 5 0 7 29 9 0 5 83 17 0 1 32 18 1 4
 22 3 0 0 10 0 0 5 133 133 2 2 133 3 0 2 53 28 1 18
 33 2 0 2 70 25 0 2 26 9 0 3 22 11 1 2 5 0 0 5
 133 38 0 0 133 4 0 0 76 11 0 6 21 1 0 3 41 11 0 1
 2 4 3 9 28 7 0 0
191.200011 95.450869 1.076931 0.447373
 85 5 0 11 63 3 0 9 166 12 0 0 15 16 1 26 10 0 4 4
 82 48 1 4 3 1 8 16 52 5 0 1 82 18 1 12 46 6 0 2
 166 53 0 0 17 11 1 12 32 1 0 1 166 60 4 7 6 0 0 5
 91 22 11 8 81 10 2 26 54 2 0 2 166 24 0 1 25 5 0 20
 45 1 0 1 157 45 7 5 0 0 0 0 37 48 27 4 64 5 0 7
 41 12 1 3 166 35 0 0 9 9 1 11 50 3 0 0 91 70 5 7
 0 0 0 0 10 30 12 0
138.073128 83.197202 1.072773 0.315690
 20 0 0 8 63 5 11 72 29 1 0 0 7 10 20 89 125 13 0 0
 1 1 2 15 19 4 0 26 124 1 1 5 103 0 0 4 44 4 2 46
 56 7 1 8 74 17 4 25 126 34 2 5 16 2 0 9 43 6 0 65
 126 1 0 3 124 0 0 4 20 4 2 30 60 2 0 4 102 28 3 20
 126 11 0 6 31 7 2 29 43 5 0 72 126 13 6 20 70 0 0 2
 9 7 11 44 41 3 0 32 90 7 0 14 126 6 0 3 28 9 1 27
 90 0 0 2 126 51 11 89
126.404083 76.889970 1.068050 -0.271974
 0 1 0 0 0 2 3 1 13 0 0 4 3 2 1 8 127 0 0 0
 0 0 0 127 113 0 0 0 1 0 0 87 1 2 0 0 2 3 13 9
 58 1 0 3 9 11 31 18 127 11 0 0 0 0 3 84 127 7 0 0
 0 0 0 41 0 1 0 0 0 3 127 97 20 0 0 0 15 80 127 35
 127 83 0 0 8 19 16 13 83 120 7 0 0 0 0 4 5 0 0 0
 0 15 125 83 0 0 0 0 73 127 55 7 76 21 0 0 33 47 4 21
 65 53 3 0 0 0 2 15
164.362959 94.088488 1.058830 0.320068
 5 13 11 4 24 1 0 0 27 0 2 5 148 23 1 10 134 0 0 0
 10 3 17 87 148 2 0 0 0 0 5 34 12 5 5 2 19 1 0 2
 50 0 1 3 148 26 0 2 148 2 0 0 15 4 11 80 94 0 0 0
 0 0 10 105 14 3 2 1 10 2 3 5 39 2 0 2 142 30 1 3
 148 20 0 0 19 5 0 25 105 1 0 0 0 0 15 58 7 3 2 3
 5 0 0 3 21 1 1 6 99 13 0 1 148 10 0 0 19 4 0 5
 135 14 3 0 0 0 3 14
140.849934 22.609142 1.053128 -0.604152
 0 0 0 0 37 22 0 0 74 3 0 0 0 1 1 9 161 17 0 0
 0 0 0 36 59 16 0 0 0 0 0 4 0 0 0 0 102 52 0 0
 97 5 1 0 1 1 2 7 161 31 0 0 0 0 0 9 90 19 1 0
 0 0 0 0 1 0 0 0 161 89 0 0 106 4 0 0 7 3 1 18
 161 35 5 0 0 0 0 26 68 53 46 1 0 0 0 0 0 0 0 0
 161 93 0 0 77 16 0 0 21 13 0 0 161 60 22 14 0 0 0 0
 47 62 56 15 0 0 0 0
134.831930 142.938982 1.049864 -0.170395
 1 1 5 45 130 32 6 7 113 19 9 13 25 19 12 82 122 1 0 0
 0 0 0 51 33 5 3 0 0 3 5 12 12 8 35 130 52 4 6 13
 130 60 31 44 4 1 2 48 130 34 3 0 0 0 0 20 12 23 32 5
 0 0 0 0 10 3 5 80 56 25 61 44 130 94 4 4 0 0 11 76
 60 130 15 0 0 0 0 1 0 20 58 19 0 0 0 0 1 1 17 60
 17 12 29 20 43 61 50 15 0 0 3 26 17 130 70 12 0 0 0 0
 0 10 125 78 0 0 4 5
164.838396 191.201617 1.048648 0.393115
 70 5 0 4 73 13 1 16 25 4 0 1 130 79 4 15 58 38 1 0
 16 19 11 44 81 74 10 0 2 11 2 3 81 32 1 5 88 5 0 0
 49 20 2 21 130 36 0 2 130 11 0 1 36 49 26 39 108 26 0 0
 1 113 52 23 54 22 1 13 75 1 0 0 37 13 1 5 76 94 4 4
 130 11 0 0 25 54 15 35 106 3 0 0 0 73 89 56 45 26 2 25
 21 0 0 5 25 15 5 4 30 16 2 5 130 24 0 2 32 19 1 4
 130 22 0 0 0 0 7 11
193.705638 109.537092 1.039780 0.550789
 0 0 0 0 5 12 10 0 11 3 0 13 33 4 9 3 149 24 0 2
 4 0 0 13 155 43 0 0 0 0 0 7 0 0 0 0 16 14 11 1
 27 3 0 16 85 7 0 1 155 20 0 3 9 1 1 20 155 110 2 1
 2 1 0 3 0 0 0 2 37 9 10 0 34 4 0 16 118 3 0 0
 155 16 0 1 15 10 0 5 155 75 1 0 9 8 0 3 0 0 0 5
 50 6 1 0 26 5 1 24 98 0 0 0 155 18 0 2 19 6 0 3
 155 64 0 0 25 6 0 1
86.004489 130.237004 1.039209 1.460423
 43 1 0 8 49 30 19 54 146 23 0 0 0 0 25 146 42 10 0 0
 1 1 92 51 0 0 0 0 7 15 64 3 35 14 1 3 20 40 17 9
 146 76 1 1 2 2 2 11 114 18 0 0 0 0 1 12 1 0 0 5
 17 6 5 3 12 3 0 0 8 133 131 15 146 13 0 0 2 22 67 146
 102 0 0 1 1 0 0 33 0 0 1 43 39 0 0 1 1 0 0 0
 0 31 126 15 19 0 0 0 0 4 83 109 10 0 0 2 5 4 2 22
 0 0 0 57 83 5 0 0
196.860760 98.385563 1.038722 0.557640
 45 1 0 27 38 0 0 6 191 2 0 2 8 1 0 48 54 0 0 5
 118 21 1 11 0 0 0 0 29 23 15 1 69 2 0 6 40 15 1 7
 191 9 0 1 9 6 1 45 63 1 0 4 132 59 4 17 0 0 0 0
 20 35 9 0 56 18 3 28 39 7 0 0 191 59 2 8 13 2 0 16
 64 8 1 13 129 32 2 6 0 0 0 2 18 21 18 1 67 7 1 24
 85 3 1 1 191 18 1 8 11 1 0 18 42 2 1 23 46 28 3 5
 0 0 0 2 8 18 21 1
4.587477 106.301189 1.034055 -1.224961
 12 12 0 0 0 0 0 1 182 97 3 0 0 0 0 4 71 35 15 0
 0 0 0 8 9 38 12 0 0 0 0 3 33 30 14 0 0 0 1 3
 182 29 4 0 0 0 1 16 92 20 14 2 8 2 0 5 0 44 27 0
 0 0 0 0 171 129 16 0 0 0 0 5 182 40 3 0 0 0 0 34
 73 14 6 8 10 1 0 3 0 7 17 4 5 3 0 0 182 36 0 0
 0 1 10 17 182 31 3 0 0 0 0 18 25 38 20 0 0 0 0 0
 0 10 9 3 9 4 0 0
161.559959 183.777865 1.031687 -2.799134
 144 34 1 2 41 11 1 7 77 10 0 0 84 50 2 7 144 32 0 1
 12 4 0 0 40 10 1 25 40 0 0 0 144 87 5 21 28 5 0 1
 106 58 4 25 126 18 0 2 144 24 0 4 29 3 0 9 50 5 1 15
 51 1 0 1 105 48 1 5 22 61 5 3 121 66 4 14 53 6 0 6
 144 8 0 4 15 3 0 21 40 4 0 19 42 0 0 1 25 11 0 0
 32 76 3 2 94 46 1 1 5 8 2 6 144 10 0 2 3 0 0 4
 23 3 0 15 21 0 0 0
35.277953 105.510352 1.026929 1.398681
 14 1 0 2 5 9 2 5 126 32 11 1 1 2 17 79 19 14 24 4
 0 14 72 54 2 0 0 0 26 57 26 8 15 2 1 3 33 30 0 0
 143 30 5 2 1 0 11 84 61 8 9 1 0 11 101 143 1 0 0 0
 29 143 35 17 12 1 0 2 74 37 0 0 143 47 0 0 7 3 0 17
 143 17 1 0 0 2 11 43 2 1 0 0 8 102 18 16 2 0 0 5
 66 16 0 0 143 84 1 0 11 7 0 0 125 114 61 0 0 0 0 6
 25 59 11 0 2 13 6 9
178.502874 189.149697 1.025177 -1.075387
 17 88 61 10 0 2 13 14 20 65 30 11 42 44 32 12 13 36 58 24
 61 86 3 0 20 76 76 29 2 14 5 8 56 47 20 6 11 55 18 11
 122 63 10 1 5 20 6 21 14 4 5 9 28 122 18 6 35 2 1 1
 5 78 41 54 22 3 1 1 9 122 122 18 85 59 45 1 0 77 73 21
 6 39 85 29 14 26 12 1 19 21 19 5 4 14 10 19 0 12 49 1
 1 84 59 0 0 9 29 0 3 122 122 0 0 16 25 0 0 122 114 0
 0 30 39 0 0 59 40 0
206.633176 125.930021 1.017006 -0.685249
 1 8 29 4 9 1 0 0 9 3 6 15 145 9 0 0 145 5 0 4
 88 2 0 3 26 0 0 11 22 2 0 1 0 47 145 6 2 11 19 0
 16 22 145 145 128 9 2 0 145 17 6 41 49 1 0 6 35 1 0 6
 54 7 0 2 0 15 52 7 13 54 66 0 30 4 41 41 77 80 13 6
 145 7 3 8 11 7 1 21 37 1 0 4 64 8 0 2 0 43 37 11
 10 1 0 0 26 2 7 14 91 10 0 4 145 0 0 0 13 4 0 29
 23 0 0 2 58 11 0 5
170.551642 64.049086 1.015839 -3.015115
 2 0 0 0 17 8 1 3 54 0 0 1 105 20 2 17 160 1 0 0
 7 1 1 112 35 0 0 0 1 2 2 18 7 5 0 4 23 1 0 1
 102 11 0 18 146 3 0 5 160 47 0 1 7 0 0 34 38 4 0 0
 0 2 5 11 15 7 0 4 23 10 1 1 90 15 0 16 110 47 2 13
 160 130 0 0 4 3 0 43 43 31 0 0 0 0 2 12 30 14 0 0
 4 6 0 1 21 12 0 3 81 52 1 10 160 122 0 0 15 7 0 103
 72 28 0 0 0 0 0 42
63.473358 172.422022 1.013328 -2.907819
 63 92 6 1 6 28 5 1 45 28 9 3 26 94 46 20 101 130 100 54
 28 23 25 14 6 20 78 130 39 0 0 2 33 84 25 0 1 1 0 1
 130 68 23 4 34 28 15 29 31 13 40 22 130 90 10 12 38 6 49 33
 20 5 0 11 33 10 3 0 2 22 4 1 130 104 23 35 17 2 0 4
 22 23 20 130 130 15 0 1 30 11 1 10 22 4 1 8 13 8 0 0
 2 110 45 4 21 57 35 20 2 39 10 0 3 8 25 72 11 2 9 2
 10 9 2 3 1 1 6 4
70.603240 111.116897 1.012799 1.716711
 24 0 0 3 11 18 3 7 180 5 0 0 0 1 1 67 142 14 9 17
 3 0 0 13 2 10 7 10 1 0 0 1 49 0 0 5 18 12 0 11
 180 18 1 0 1 0 0 49 127 37 18 8 0 0 0 4 2 16 7 14
 4 2 1 0 55 5 0 2 24 18 0 6 180 103 12 0 0 0 7 47
 67 132 44 1 0 0 17 28 15 27 5 3 2 2 1 6 52 5 0 4
 47 20 0 5 180 57 1 0 1 0 22 106 43 36 3 0 0 1 73 77
 11 3 1 1 15 13 10 23
91.899586 155.448818 1.009618 2.622966
 21 1 0 0 1 1 0 3 179 1 0 0 0 0 0 34 179 5 0 0
 0 0 0 12 16 2 0 0 0 0 0 4 36 1 0 0 0 0 0 8
 179 1 0 0 0 0 0 36 179 19 0 0 0 0 0 8 20 16 0 0
 0 0 0 0 43 8 0 0 0 0 0 2 179 15 0 0 0 0 0 4
 179 13 0 0 0 0 0 4 15 21 0 0 0 0 0 1 32 4 0 0
 0 0 0 0 179 44 0 0 0 0 0 0 151 26 1 1 0 0 0 3
 9 9 2 1 0 0 0 2
84.386567 36.766345 1.006954 2.769150
 28 3 0 0 0 0 1 2 194 20 0 0 0 0 0 7 133 29 6 1
 0 0 0 0 10 22 1 0 0 0 0 0 37 7 5 0 0 0 1 2
 194 13 0 0 0 0 0 21 183 17 1 0 0 0 0 5 19 13 0 0
 0 0 0 1 45 3 1 0 0 1 3 7 194 2 0 0 0 0 0 27
 174 6 0 0 0 0 2 15 22 3 0 0 0 0 2 5 42 6 2 0
 0 1 0 1 194 2 0 0 0 0 0 19 127 7 0 0 0 0 1 13
 8 6 0 0 0 0 1 3
61.418194 156.892543 1.006131 -1.231118
 0 0 0 1 25 35 6 2 0 0 0 1 132 102 2 3 10 0 0 0
 47 10 33 100 11 0 0 0 0 17 92 57 0 0 23 57 32 6 2 1
 20 0 12 87 132 31 2 6 132 6 0 5 42 6 22 115 43 5 0 0
 0 55 84 43 0 1 6 28 50 30 9 0 22 1 5 29 132 105 9 1
 132 30 0 1 37 16 1 3 92 22 0 0 0 5 1 1 3 0 1 3
 10 26 27 1 6 1 1 4 132 99 15 0 115 84 2 2 55 19 0 0
 73 64 0 0 0 0 0 0
73.119328 109.339726 1.005821 1.655716
 0 0 1 5 35 23 1 0 94 0 2 8 5 11 4 23 189 5 1 3
 0 0 0 83 47 5 7 22 4 0 0 6 0 0 0 13 28 18 0 0
 154 2 0 4 13 14 4 13 189 34 3 2 0 0 0 16 37 23 12 11
 1 0 0 0 0 0 0 2 25 37 0 0 145 6 0 2 13 16 0 15
 189 82 13 0 0 0 0 13 28 54 26 4 0 0 0 0 0 0 0 0
 22 55 3 0 86 14 0 3 24 15 0 5 189 81 12 0 0 0 16 71
 34 50 16 0 0 0 28 44
196.300105 61.941289 1.000930 2.859932
 0 0 3 12 62 4 0 0 49 1 0 5 145 14 0 10 145 70 1 0
 5 1 3 41 22 103 23 0 0 1 1 3 0 0 17 15 43 5 0 0
 71 4 0 7 145 33 0 8 145 23 1 0 13 34 12 63 11 95 32 3
 26 86 6 8 1 5 10 7 23 6 0 0 53 2 0 7 128 28 0 7
 145 18 0 0 10 20 3 20 47 11 3 1 40 145 4 4 0 1 5 12
 29 15 0 0 24 10 4 22 76 1 0 1 145 97 2 2 9 0 0 4
 78 18 0 0 5 55 11 6
53.944337 64.204512 0.998866 2.428573
 0 0 0 0 0 34 76 16 25 0 0 0 5 56 51 17 165 0 0 1
 2 5 3 143 43 0 0 6 17 3 0 33 0 0 0 0 11 32 84 11
 64 0 0 10 113 59 37 12 165 1 0 3 18 5 1 60 33 1 1 6
 19 2 2 5 2 0 0 7 44 12 14 3 85 6 1 39 165 3 2 1
 165 31 0 3 11 0 0 6 28 3 0 0 4 4 7 3 0 0 0 10
 66 13 9 0 64 5 0 42 153 1 0 2 165 22 0 2 3 0 1 24
 29 3 0 0 0 0 6 20
132.672065 197.568013 0.990034 2.460967
 0 0 0 4 129 11 0 0 27 7 1 4 106 14 0 1 129 9 0 1
 8 1 0 31 9 3 2 28 85 4 1 13 0 0 2 57 129 18 0 0
 48 7 4 70 109 6 0 1 129 8 0 16 25 0 0 14 15 2 1 89
 129 0 0 3 0 0 60 129 38 1 0 0 85 9 34 89 10 0 0 3
 129 14 4 53 37 0 0 8 4 1 1 120 121 0 0 0 1 1 20 40
 1 0 0 1 78 10 4 2 0 0 1 8 99 20 14 85 27 0 0 4
 0 0 0 70 40 0 0 0
145.997579 117.823100 0.989785 -2.450133
 0 1 9 13 27 9 0 0 42 45 9 15 109 20 0 0 165 75 1 1
 4 0 0 9 37 1 0 0 0 0 0 13 0 0 0 0 20 17 20 3
 56 19 1 4 165 50 4 2 165 65 0 1 25 3 0 9 61 3 0 0
 0 1 4 15 4 0 0 0 11 10 12 14 42 1 0 0 165 129 10 18
 165 8 0 0 25 30 4 59 73 3 0 0 0 0 5 30 15 0 0 0
 0 2 4 15 13 0 0 0 34 107 19 16 165 18 1 0 13 46 15 34
 75 21 2 0 0 0 0 4
46.976312 154.392903 0.986873 -1.098846
 31 2 0 3 34 7 2 5 152 15 0 1 8 1 0 2 95 2 0 0
 3 3 4 5 0 0 0 0 1 4 12 14 40 0 0 0 61 21 2 4
 152 15 9 1 13 3 0 18 101 15 82 46 0 0 2 11 28 44 52 10
 0 0 4 16 31 5 0 3 74 11 1 6 152 99 53 6 13 2 0 34
 32 30 131 55 0 0 17 138 67 22 25 6 0 0 8 126 18 4 0 5
 76 4 2 4 152 36 2 1 9 0 0 73 99 16 1 0 0 0 9 120
 25 19 0 0 0 0 3 30
125.291675 142.204973 0.985481 2.752275
 0 0 0 6 110 11 0 0 31 37 14 42 75 15 6 11 132 79 6 4
 2 0 0 6 8 3 0 31 81 2 0 0 0 0 2 19 132 0 0 0
 58 27 6 45 132 2 0 3 132 76 3 10 16 0 0 9 21 5 0 61
 117 0 0 0 0 20 69 46 71 0 0 0 46 2 4 20 132 36 11 32
 132 14 2 17 24 5 5 69 15 2 1 86 108 0 0 1 0 106 83 10
 3 1 0 0 17 43 22 16 12 6 3 7 92 74 8 22 17 0 1 9
 2 5 4 55 71 0 0 0
36.589926 135.771792 0.982533 -1.346035
 8 0 0 2 41 79 22 2 135 4 0 0 36 46 9 29 17 0 0 0
 18 49 23 40 24 0 0 0 0 0 3 59 11 2 29 42 77 11 1 1
 148 6 0 13 54 34 28 76 41 0 0 0 35 148 82 44 9 1 2 13
 13 16 9 16 19 23 74 59 16 26 22 1 148 74 5 41 16 9 3 17
 76 23 6 84 123 46 5 7 0 0 1 54 70 9 0 0 15 2 24 32
 30 92 43 5 148 41 13 20 12 18 4 24 29 16 32 122 19 0 0 0
 0 0 8 78 34 0 0 0
173.395228 67.032717 0.981613 0.208137
 0 0 0 51 141 30 0 0 79 13 1 31 141 12 0 25 52 11 1 1
 5 2 0 15 0 0 0 1 47 16 0 0 1 0 0 67 141 12 0 0
 135 2 0 21 141 5 0 25 53 2 0 1 5 4 0 11 0 0 0 1
 51 14 0 0 6 1 1 141 141 0 0 0 141 16 2 40 61 0 0 8
 44 13 2 4 2 0 0 2 0 0 0 7 43 3 0 0 19 2 0 141
 141 0 0 0 141 6 0 11 11 0 0 9 36 4 0 2 3 0 0 4
 0 0 0 4 25 5 0 0
122.899706 140.593482 0.979363 2.671000
 19 29 9 33 117 4 0 0 130 117 6 8 10 0 0 0 24 10 0 35
 127 1 0 0 0 0 0 23 107 31 5 0 24 6 1 9 130 28 3 7
 130 50 1 6 29 8 3 35 54 10 1 76 130 0 0 1 0 0 0 35
 111 6 0 0 8 10 24 28 63 23 7 10 130 58 6 10 13 9 8 40
 31 20 5 79 130 0 0 0 0 0 2 47 74 1 0 0 3 99 28 8
 4 0 0 0 33 109 15 13 8 0 0 0 9 46 15 45 68 0 0 0
 0 0 0 54 78 0 0 0
90.292651 134.022120 0.977386 -0.231588
 0 16 143 16 0 0 0 0 5 82 75 0 0 0 0 1 3 17 7 1
 1 1 0 0 0 2 5 7 7 0 0 0 31 49 143 67 1 1 5 26
 143 143 81 0 0 0 0 29 51 55 17 1 0 0 0 0 0 6 12 25
 4 0 0 0 76 2 5 6 1 1 15 98 143 11 1 0 0 0 0 113
 77 20 18 2 0 0 0 4 0 2 27 26 8 0 0 0 55 7 6 1
 0 0 17 74 111 36 108 11 0 0 0 52 14 10 143 45 0 0 7 5
 0 0 143 58 1 0 21 3
16.114337 179.660663 0.970537 0.198731
 1 1 34 116 108 5 0 2 98 2 0 32 30 1 1 101 116 1 0 0
 0 0 0 116 100 44 0 0 0 1 1 19 17 21 54 72 5 0 3 6
 116 46 9 4 1 0 0 38 116 29 29 0 0 0 0 63 49 52 52 0
 0 0 0 7 12 2 3 8 8 11 62 23 116 66 11 1 0 2 19 64
 38 80 114 0 0 0 33 51 5 43 113 0 0 0 47 33 6 11 6 57
 23 7 33 11 73 82 12 9 3 2 11 63 17 58 79 3 0 1 40 67
 3 52 67 0 0 0 57 33
207.014626 50.444851 0.964034 -2.988765
 10 5 44 115 0 1 1 0 76 14 13 19 0 0 1 13 13 2 0 7
 19 2 6 15 65 0 0 11 20 1 1 60 16 2 5 15 7 91 84 21
 115 13 0 0 4 18 4 4 53 3 0 4 15 2 0 29 78 0 0 28
 69 1 1 85 15 3 0 0 107 115 52 35 82 12 0 0 61 86 1 5
 99 6 1 5 6 0 0 83 60 0 0 64 115 1 0 68 17 23 1 1
 100 71 0 1 35 4 0 0 115 96 0 11 115 2 0 3 18 1 0 115
 20 0 0 65 115 1 0 28
108.036380 130.579184 0.963011 -1.191989
 13 19 24 123 88 0 0 1 77 123 25 18 4 0 0 1 14 65 2 2
 8 1 0 0 0 0 0 0 123 39 0 0 53 2 6 123 118 0 0 26
 120 79 2 3 2 1 1 28 115 103 0 1 6 0 0 1 12 4 0 6
 123 21 0 0 71 0 1 53 59 0 3 86 67 4 0 1 5 7 5 46
 123 17 3 10 3 0 0 13 11 4 2 67 123 1 0 0 61 0 0 9
 8 0 1 54 37 3 0 3 3 2 2 7 72 27 12 25 2 0 0 2
 1 2 5 108 101 0 0 0
214.540110 196.450220 0.959605 0.914105
 4 10 44 29 10 3 0 0 1 2 15 79 81 7 0 0 29 14 4 26
 58 2 0 1 2 0 0 39 151 3 0 1 2 1 27 49 18 1 0 0
 13 7 15 132 80 0 0 0 123 20 4 24 72 4 0 3 9 0 1 10
 151 13 0 2 0 0 31 88 7 0 0 0 44 7 33 134 30 0 0 3
 151 6 2 20 67 2 0 18 5 0 1 78 151 2 0 0 0 0 9 15
 0 0 0 0 61 4 14 16 0 0 0 26 130 3 0 5 68 10 1 30
 1 0 0 52 151 14 0 0
214.540110 196.450220 0.959605 -2.689781
 53 65 0 2 51 38 1 1 2 0 0 4 95 55 2 10 29 0 0 0
 2 2 2 85 13 0 0 0 0 0 0 20 123 123 1 1 24 17 0 0
 31 10 0 0 104 111 4 13 123 8 0 0 6 12 3 83 51 5 0 0
 0 0 3 34 123 123 0 0 2 3 1 7 63 75 0 0 57 96 4 2
 123 8 0 0 11 36 8 25 63 7 0 0 0 0 17 68 88 121 1 1
 20 7 3 8 121 123 0 0 10 20 1 0 69 21 0 0 6 25 6 12
 47 70 4 0 0 0 0 7
143.919428 58.788772 0.958998 -2.871978
 43 7 0 2 3 0 0 0 40 6 0 24 83 4 0 0 169 32 1 4
 13 0 0 3 116 28 1 3 13 2 0 8 63 19 0 3 6 0 0 0
 57 4 0 26 112 8 0 1 169 10 0 4 15 1 3 49 110 4 0 0
 2 6 14 111 72 13 0 2 11 0 0 0 65 2 0 18 118 5 0 5
 169 16 0 1 10 1 0 24 130 54 0 0 0 0 1 25 56 11 0 3
 11 1 0 0 60 1 0 12 80 3 0 9 169 9 0 0 4 0 0 20
 95 45 0 0 0 0 0 0
204.843292 55.098699 0.958947 0.602434
 3 0 10 99 13 0 0 1 132 1 1 21 10 0 0 43 84 0 0 1
 36 9 1 35 0 0 0 8 67 12 0 0 11 2 1 40 38 1 1 2
 132 31 6 14 14 0 0 23 94 14 26 65 55 3 0 11 0 0 30 132
 39 0 0 0 6 6 1 52 52 0 0 0 114 132 61 15 7 0 2 2
 19 49 132 132 5 0 4 1 0 0 71 132 1 0 9 15 0 0 0 19
 23 7 65 14 2 22 15 2 2 1 132 29 0 4 35 14 0 1 132 21
 0 0 4 4 0 1 97 50
80.584373 99.654159 0.957356 -1.708704
 22 12 0 0 0 0 2 7 60 17 2 0 0 0 0 12 143 10 0 0
 0 0 0 32 143 67 36 5 0 0 0 5 20 10 1 0 0 0 1 4
 82 42 5 0 0 0 0 5 143 38 17 12 0 0 0 32 113 44 104 143
 0 0 0 15 11 7 1 0 2 0 0 2 83 28 4 0 0 0 0 5
 143 68 74 70 0 0 0 4 143 21 79 143 0 0 0 43 6 6 1 0
 1 0 0 0 13 31 9 1 1 1 1 1 25 28 55 36 0 0 0 21
 143 13 22 25 0 0 0 79
163.113773 158.781228 0.956186 -0.811450
 2 16 7 15 26 1 0 0 38 13 1 6 113 9 0 5 155 48 1 3
 25 7 0 18 27 21 1 9 79 15 0 1 23 66 3 3 21 10 0 0
 48 4 0 3 97 20 1 14 155 7 0 0 17 14 3 50 26 6 0 2
 104 53 3 7 32 76 11 1 63 117 0 0 49 33 21 7 49 16 0 2
 155 12 0 0 10 10 1 10 35 0 0 0 91 68 2 8 1 23 10 0
 65 155 4 0 50 71 23 3 17 93 1 3 155 27 0 0 2 3 0 11
 44 2 0 0 46 64 4 6
122.515603 79.356820 0.954405 -0.656978
 1 0 0 0 0 0 4 3 94 3 0 0 0 0 7 16 163 6 0 0
 0 0 1 77 86 9 0 1 33 35 11 39 1 2 0 0 0 0 1 2
 122 16 0 0 0 0 1 3 163 17 0 0 0 0 0 5 142 21 0 0
 9 13 0 4 0 0 0 0 4 2 6 1 118 15 0 2 7 1 0 2
 163 70 0 0 0 0 0 2 134 50 0 0 0 0 0 0 0 1 1 0
 3 3 3 5 35 20 0 0 6 6 29 18 157 159 0 0 0 0 12 11
 50 149 16 0 0 0 0 0
188.638914 142.872073 0.952869 -0.610771
 1 0 0 6 156 11 1 0 103 3 0 3 141 3 0 3 29 1 0 5
 35 2 0 1 0 0 1 3 11 2 1 0 1 0 2 47 156 2 0 0
 142 4 0 18 156 0 0 6 40 0 0 2 48 3 0 2 0 0 0 2
 17 5 2 0 2 0 0 31 156 2 0 0 146 17 1 17 135 0 0 4
 36 5 0 10 41 1 0 0 0 1 1 11 21 1 0 0 4 0 0 19
 156 2 0 0 137 4 0 8 107 0 0 6 31 1 0 4 31 4 0 2
 0 0 1 4 26 3 0 0
17.410366 32.513240 0.945685 1.054932
 12 3 3 8 8 3 46 118 12 21 14 10 97 108 19 16 0 0 0 0
 118 118 48 4 0 0 0 0 3 56 73 6 4 5 4 55 85 2 13 19
 108 36 13 31 56 48 5 9 14 0 0 0 71 118 65 35 1 0 0 0
 65 118 82 53 7 3 1 12 118 8 0 2 118 13 0 4 58 14 2 28
 44 2 0 0 77 76 24 50 3 0 0 0 82 118 24 65 1 0 0 1
 56 25 7 8 84 0 0 0 14 14 11 74 25 0 0 0 6 14 20 34
 0 0 0 5 22 51 10 18
119.030251 157.803702 0.944456 -1.768530
 1 0 1 1 3 2 1 4 10 0 1 0 0 0 5 118 7 0 5 3
 0 0 14 135 6 2 34 4 0 1 22 95 23 8 2 0 0 1 1 9
 135 15 0 1 6 2 11 135 28 4 24 69 115 14 27 135 0 9 135 59
 16 9 6 5 26 12 1 1 1 1 5 4 135 135 13 5 7 0 1 19
 31 103 27 39 135 42 6 6 0 0 8 9 29 68 38 2 3 4 2 2
 1 0 2 1 27 119 3 1 0 1 0 0 61 135 6 1 6 18 1 0
 7 10 0 3 21 40 11 1
119.030251 157.803702 0.944456 -2.228826
 14 1 2 4 0 0 0 7 127 1 0 0 1 0 0 114 76 2 20 72
 13 1 1 69 0 0 93 97 3 1 4 2 43 5 0 0 1 2 3 13
 127 44 1 0 11 12 5 117 40 11 7 58 127 101 14 36 0 0 14 38
 18 37 53 14 14 18 7 1 1 0 0 1 127 127 41 1 3 3 0 4
 17 127 127 19 54 66 7 2 0 26 16 1 7 48 50 8 1 1 0 1
 2 1 1 4 3 45 17 1 1 1 1 4 1 123 83 0 0 0 0 0
 6 127 33 0 1 4 2 0
76.134588 149.167343 0.944156 1.595556
 0 0 2 98 118 2 1 2 29 0 2 38 93 2 1 7 148 0 0 4
 17 2 2 61 27 0 0 0 20 39 3 15 0 0 13 87 130 3 4 3
 55 6 8 79 91 10 4 6 148 18 0 8 10 1 0 11 46 2 0 0
 29 29 0 2 7 2 13 81 41 40 21 34 47 5 6 23 48 102 40 29
 148 45 0 1 10 16 4 10 57 7 0 0 24 16 0 2 11 16 3 3
 61 52 7 10 15 31 11 16 106 28 5 6 148 133 2 6 47 6 0 0
 64 50 0 0 7 5 0 0
104.501873 105.858744 0.941061 0.893225
 1 0 0 0 0 0 4 31 73 0 0 0 1 3 25 54 192 1 0 0
 0 0 1 76 56 7 3 0 0 0 0 17 0 0 0 0 5 3 26 126
 100 4 0 6 55 14 24 37 192 18 0 1 2 0 0 14 56 11 6 6
 1 0 0 1 0 0 1 5 30 3 20 63 102 8 0 19 126 3 2 3
 192 41 0 1 3 0 0 0 53 18 4 3 3 0 0 1 0 0 1 12
 39 1 0 1 77 6 0 27 93 0 0 0 192 30 0 0 1 0 0 1
 51 14 3 0 0 1 1 2
178.579384 50.414363 0.937940 0.700431
 10 0 0 46 143 0 0 1 153 0 0 4 27 0 0 33 153 20 0 0
 0 0 0 9 38 23 0 0 0 0 0 0 26 0 0 38 153 0 0 3
 153 1 0 2 20 0 0 37 139 27 1 0 0 0 0 8 57 34 0 0
 0 0 0 0 41 0 0 31 133 0 0 2 153 4 0 2 10 0 0 15
 109 25 1 0 0 0 0 1 71 28 0 0 0 0 0 0 42 0 0 11
 103 0 0 9 153 1 0 0 4 0 0 49 78 4 0 0 0 0 0 7
 65 6 0 0 0 0 0 2
126.784012 64.146704 0.936158 -1.898300
 10 8 0 1 3 1 0 0 134 86 0 0 0 0 0 0 117 43 4 0
 0 0 0 31 31 3 4 21 5 0 0 47 2 1 0 0 4 2 0 0
 134 61 0 0 2 0 0 4 134 38 0 7 5 1 4 100 11 0 0 96
 64 4 7 44 1 2 0 0 3 6 2 0 134 36 0 0 2 2 2 10
 134 112 71 69 7 0 0 50 5 3 25 134 33 0 19 49 3 4 1 1
 1 2 2 3 26 38 5 3 0 1 1 3 107 109 55 11 0 0 1 92
 32 3 15 50 3 1 51 134
138.118485 185.532770 0.933134 -0.063715
 26 4 22 128 45 4 1 10 99 65 67 71 9 4 3 6 55 13 2 0
 19 22 25 25 17 4 22 10 11 13 34 117 21 4 5 128 128 0 0 6
 128 32 9 28 17 0 0 39 102 29 47 37 0 1 3 9 2 3 113 72
 0 0 2 8 26 0 0 71 128 2 0 9 128 31 10 4 4 0 0 24
 31 23 71 90 9 3 0 1 10 1 71 79 1 0 8 24 17 0 0 10
 88 11 4 14 128 5 0 0 1 3 3 30 20 2 7 21 31 67 8 7
 74 22 8 11 7 25 13 44
147.995052 96.844449 0.933115 1.320842
 33 50 14 4 0 0 30 134 21 2 13 19 0 0 85 151 101 0 0 2
 0 0 64 151 18 0 0 0 18 8 62 110 9 0 0 0 1 1 78 151
 92 2 0 0 0 0 37 107 151 28 0 0 0 0 0 49 43 5 0 0
 17 2 0 6 14 0 0 0 16 11 13 15 99 2 0 0 0 0 1 29
 151 18 0 0 0 0 0 19 59 4 0 0 12 3 1 3 1 0 0 0
 5 14 30 10 52 0 0 0 0 0 10 56 151 0 0 0 0 0 0 52
 47 0 0 0 5 6 8 17
205.555856 191.398831 0.929007 -2.448421
 54 8 1 22 53 10 4 9 188 53 0 0 1 1 0 5 99 16 1 5
 10 10 1 4 75 56 0 0 0 0 0 4 41 4 2 19 21 10 23 20
 188 22 0 0 1 2 4 25 137 20 2 15 27 0 0 1 51 62 2 2
 1 0 0 0 37 0 0 6 6 17 38 24 188 2 0 1 3 2 4 47
 124 11 1 21 56 2 0 8 62 30 2 3 3 0 0 18 24 2 0 9
 57 48 51 24 188 16 1 7 15 4 2 26 90 13 3 34 44 1 0 7
 78 12 0 1 2 0 1 16
12.424876 82.721319 0.928280 2.412141
 0 0 0 4 12 7 7 6 1 0 18 28 9 1 0 1 14 22 81 33
 0 0 0 5 17 22 53 25 16 1 9 39 0 0 33 136 8 1 0 0
 14 10 140 154 5 0 0 0 123 24 82 48 0 0 1 115 34 4 7 0
 0 0 6 154 0 0 30 154 34 10 1 0 68 9 31 91 41 7 0 1
 154 14 6 3 2 0 0 46 64 1 0 0 0 3 3 36 0 0 0 14
 100 23 6 0 60 3 1 17 43 16 1 4 154 22 0 1 1 1 0 12
 57 10 0 0 0 1 1 5
23.360983 79.150101 0.927742 2.264974
 4 2 4 4 1 3 2 2 10 19 16 36 8 0 0 1 147 86 13 8
 0 0 0 0 147 25 0 0 0 0 0 2 4 0 0 5 17 5 5 5
 29 17 13 105 122 0 0 2 147 85 14 22 9 0 0 4 146 91 16 0
 0 0 0 1 2 0 0 2 40 18 7 11 48 2 0 25 147 52 10 22
 147 39 16 6 12 5 4 46 36 77 131 8 0 0 0 0 0 0 0 0
 12 26 18 41 8 0 0 0 31 145 56 25 67 7 5 3 3 16 29 58
 5 7 25 11 3 1 0 1
109.130509 126.759730 0.926245 -1.153215
 43 0 4 128 111 0 2 53 94 22 2 4 3 3 4 70 128 67 0 0
 0 1 0 11 41 9 0 18 128 2 0 0 97 0 0 57 52 0 3 116
 62 1 0 6 9 5 5 54 128 16 5 8 1 1 0 26 30 8 8 113
 118 0 0 0 77 0 0 7 6 1 4 108 36 1 0 4 3 6 9 14
 104 40 19 26 1 0 0 6 3 6 14 128 87 0 0 0 9 0 0 1
 2 2 10 50 5 0 0 2 0 3 16 15 10 7 6 112 10 0 2 11
 0 0 2 128 33 0 0 0
174.919157 186.140174 0.926061 3.062580
 35 2 7 12 13 18 12 21 71 17 5 20 63 36 2 1 153 39 0 0
 12 14 0 5 7 0 0 0 49 54 0 2 14 4 36 110 19 2 1 7
 65 37 67 106 20 3 0 3 153 86 7 2 7 7 0 10 27 3 0 0
 42 58 0 2 1 4 10 71 129 19 1 0 115 15 14 36 11 7 5 52
 153 9 1 0 1 3 2 103 38 0 0 0 42 50 3 12 2 4 4 7
 47 69 10 1 138 19 0 0 7 54 9 18 153 54 0 0 0 1 1 41
 32 8 0 0 30 44 3 8
194.674785 44.442867 0.921150 -0.016772
 2 2 27 93 3 1 2 0 28 13 4 8 3 1 1 11 90 79 0 0
 0 1 10 49 132 111 0 0 1 8 3 4 4 6 4 4 5 2 0 3
 76 14 0 2 8 6 0 5 132 22 0 0 8 12 14 33 132 106 0 0
 9 12 4 3 5 13 7 2 2 1 0 0 86 10 4 6 4 4 0 14
 132 6 0 0 6 35 36 114 120 55 0 0 11 93 35 14 4 1 1 1
 2 1 1 1 124 4 1 3 4 2 0 8 132 6 0 1 9 30 28 101
 43 20 0 8 120 128 25 19
75.959944 135.995739 0.920593 -1.730248
 0 12 23 93 44 0 0 0 99 4 2 45 38 0 0 11 118 9 12 11
 0 0 0 22 45 28 61 30 0 0 0 5 12 13 75 118 14 0 0 0
 118 25 15 35 6 0 0 5 88 25 90 75 0 0 0 12 118 12 41 37
 0 0 0 71 53 15 56 24 4 2 0 3 116 41 55 41 0 0 0 3
 118 19 70 83 0 0 0 60 118 3 4 2 0 0 0 103 19 9 4 1
 14 13 1 4 35 17 45 19 0 0 0 14 118 3 9 8 0 0 0 118
 111 0 0 0 0 0 0 73
75.959944 135.995739 0.920593 0.306392
 14 1 0 0 0 36 7 10 12 0 1 0 0 35 45 21 94 9 1 0
 0 21 23 45 75 19 0 0 0 0 27 56 24 0 0 0 6 132 11 10
 111 7 0 0 0 50 52 39 41 16 0 0 0 100 101 18 74 116 0 0
 0 18 18 9 3 0 0 0 7 132 14 1 132 6 0 0 0 132 43 26
 71 1 0 0 0 103 70 24 4 27 1 0 0 107 47 1 0 0 0 0
 4 100 11 0 34 1 0 0 7 132 30 8 98 7 0 0 0 56 39 29
 4 0 0 0 0 118 53 5
52.780478 114.060466 0.920520 -1.274586
 3 5 1 4 5 3 2 1 14 1 0 40 69 7 0 6 140 1 0 19
 20 0 0 132 102 7 0 0 0 0 0 60 1 1 0 10 25 11 11 1
 63 7 0 87 102 1 2 15 140 40 0 10 9 1 1 95 56 24 1 0
 3 6 3 22 0 2 2 42 52 3 1 0 91 4 1 53 92 1 8 106
 140 43 0 0 1 0 27 140 59 30 1 2 8 2 4 13 0 0 0 44
 70 4 2 6 140 10 0 26 30 2 11 82 140 29 0 0 0 0 21 68
 26 3 0 0 0 0 9 20
199.606965 198.736363 0.919186 3.048031
 110 82 0 0 0 0 0 1 135 102 0 0 14 28 3 4 10 2 0 0
 27 54 5 8 10 29 0 0 3 2 4 7 103 27 0 0 2 2 4 12
 135 52 0 0 6 21 4 47 31 5 0 0 73 116 7 18 15 0 0 0
 6 12 10 31 65 0 0 0 1 2 25 135 135 99 0 0 5 18 40 88
 50 59 2 2 78 73 1 3 57 0 0 0 22 31 2 16 135 49 1 0
 0 5 16 71 98 33 1 1 23 106 43 41 62 38 24 35 35 25 1 4
 43 17 11 25 23 9 0 2
163.338844 187.526084 0.912047 -2.625511
 7 20 11 51 131 0 0 0 90 75 3 8 24 2 0 8 18 5 0 2
 66 14 1 6 129 0 0 0 11 2 0 53 18 28 14 43 125 1 0 3
 131 12 0 3 37 7 2 50 51 1 0 1 121 30 3 19 131 0 0 0
 14 1 0 34 20 13 11 56 47 13 0 1 131 60 5 15 17 1 0 6
 70 13 2 36 130 4 0 7 131 1 0 2 11 0 0 34 15 1 0 6
 61 59 1 3 131 30 2 7 10 7 1 5 64 10 1 26 47 2 0 21
 131 0 0 2 2 0 0 53
